,CN,RI,RP,LSd,LS,LGDPc,GDPc,Gr10,SoS,HLE,FLC,G,POC,IQR,MI,GrPOP,FASS,HRP,FINS,SCOEXP,SCO3,CVCI,FCIV,FEXPR,SCOm,GINI,ACP,ADA,ASAR,BADM,CRI,CVPART,CVTRAD,CCMAN,CDI,CONFI,CG,EDPOL,EFPG,EFUS,AUASS,ENVP,EQUOPP,FFELECT,FEXP2,INDJ,INTG,INTCOOP,MONFO,NIRD,OMC,PS,PODI,POLCOOR,POLL,POLPART,PaSINT,PRIVP,POA,REGCOOP,REFF,SPOW,SOCAP,SSN,SEB,STDI,STI,STCAP,SCON,WR
0,FINLAND,Western Europe,3.0,Heureux,7.842,10.775,45009.6152767648,0.06674813532706829,0.954,72.0,0.949,-0.098,0.186,0.12399999999999967,0.2299999952316284,-0.1213,0.864,2.49685777815785,400000.0059604645,17.6,34.6863378,0.2,0.986,0.962,12.4,27.3,,,,,,,,,,,,,,,,,,,,,,,,,,,,,,,,,,,,,,,,,,,,
1,DENMARK,Western Europe,3.0,Heureux,7.62,10.933,56202.1658527477,0.14484149941614768,0.954,72.7,0.946,0.03,0.179,0.13500000000000068,0.3599999904632568,0.1077,0.925,3.37379855244917,300000.01192092896,19.1,24.94138227,0.21,0.978,0.986,12.6,28.2,,,,,,,,,,,,,,,,,,,,,,,,,,,,,,,,,,,,,,,,,,,,
2,SWITZERLAND,Western Europe,3.0,Heureux,7.571,11.117,85685.2902734836,0.07555361794753598,0.942,74.4,0.919,0.025,0.292,0.1429999999999998,0.4,0.206,0.91,2.62407105754736,200000.00298023224,16.2,23.08009262,0.2,0.984,0.979,13.4,33.1,,,,,,,,,,,,,,,,,,,,,,,,,,,,,,,,,,,,,,,,,,,,
3,ICELAND,Western Europe,3.0,Heureux,7.554,10.878,53188.0398077511,0.12653455715685372,0.983,73.0,0.955,0.16,0.673,0.2320000000000002,0.1899999976158142,0.4798,0.9,5.16000098322369,50000.00074505806,19.3,,0.2,0.978,0.922,12.4,26.1,,,,,,,,,,,,,,,,,,,,,,,,,,,,,,,,,,,,,,,,,,,,
4,NETHERLANDS,Western Europe,3.0,Heureux,7.464,10.932,46345.3472097391,0.09086597842652566,0.942,72.4,0.913,0.175,0.338,0.10799999999999965,0.4199999809265137,0.1075999999999999,0.896,3.75070234327167,800000.011920929,18.0,23.40875325,0.2,0.961,0.936,12.2,28.1,,,,,,,,,,,,,,,,,,,,,,,,,,,,,,,,,,,,,,,,,,,,
5,NORWAY,Western Europe,3.0,Heureux,7.392,11.053,75017.1567472977,0.07065734289129687,0.954,73.3,0.96,0.093,0.27,0.13899999999999935,0.2200000047683716,0.3168,0.911,4.28091605827049,200000.00298023224,17.9,29.32205292,0.2,0.958,0.972,12.6,27.6,,,,,,,,,,,,,,,,,,,,,,,,,,,,,,,,,,,,,,,,,,,,
6,SWEDEN,Western Europe,3.0,Heureux,7.363,10.867,51541.6557289791,0.11003984277711366,0.934,72.7,0.945,0.086,0.237,0.13999999999999968,0.2599999904632568,0.2724,0.924,3.23059415092702,500000.0,17.6,24.56914122,0.21,0.988,0.971,12.4,30.0,,,,,,,,,,,,,,,,,,,,,,,,,,,,,,,,,,,,,,,,,,,,
7,LUXEMBOURG,Western Europe,3.0,Heureux,7.324,11.647,104879.256213901,0.03792115101069022,0.908,72.6,0.907,-0.034,0.386,0.14400000000000013,0.2799999952316284,0.328,0.897,5.31445618008241,50000.00074505806,14.0,19.88723014,0.2,0.971,0.962,12.1,35.4,,,,,,,,,,,,,,,,,,,,,,,,,,,,,,,,,,,,,,,,,,,,
8,NEW ZEALAND,North America and ANZ,3.0,Heureux,7.277,10.643,39216.2248628459,0.1521513145781887,0.948,73.4,0.929,0.134,0.242,0.15700000000000003,0.4699999809265137,0.5153,0.913,3.72449633408403,699999.988079071,18.9,27.56569017,0.21,0.97,0.941,12.5,,,,,,,,,,,,,,,,,,,,,,,,,,,,,,,,,,,,,,,,,,,,,
9,AUSTRIA,Western Europe,2.0,Heureux,7.268,10.906,43346.4318485062,0.04052774525776398,0.934,73.3,0.908,0.042,0.481,0.13899999999999935,0.3599999904632568,0.0026,0.859,2.24876535073645,300000.01192092896,16.1,14.80913231,0.2,0.94,0.929,12.1,30.8,,,,,,,,,,,,,,,,,,,,,,,,,,,,,,,,,,,,,,,,,,,,
10,AUSTRALIA,North America and ANZ,3.0,Heureux,7.183,10.796,58029.5155258862,0.0978188670894452,0.94,73.9,0.914,0.159,0.442,0.16299999999999937,0.3700000047683716,0.5668,0.895,1.85713106076648,3099999.9046325684,22.9,27.96245962,0.21,0.959,0.932,12.9,34.4,,,,,,,,,,,,,,,,,,,,,,,,,,,,,,,,,,,,,,,,,,,,
11,ISRAEL,Middle East and North Africa,3.0,Heureux,7.157,10.575,37488.4549533854,0.22791725852429345,0.939,73.503,0.8,0.031,0.753,0.13400000000000034,0.3599999904632568,1.4088,0.803,-0.582319459370862,1200000.0476837158,15.9,,0.21,0.919,0.869,13.0,39.0,,,,,,,,,,,,,,,,,,,,,,,,,,,,,,,,,,,,,,,,,,,,
12,GERMANY,Western Europe,3.0,Heureux,7.155,10.873,41315.3135706623,0.126205634417781,0.903,72.5,0.875,0.011,0.46,0.15500000000000025,0.3700000047683716,-0.2106,0.879,3.31747419561254,2900000.095367432,17.0,23.07854274,0.2,0.99,0.949,14.1,31.9,,,,,,,,,,,,,,,,,,,,,,,,,,,,,,,,,,,,,,,,,,,,
13,CANADA,North America and ANZ,3.0,Heureux,7.103,10.776,42258.6910170917,0.06779762874062484,0.926,73.8,0.915,0.089,0.415,0.1639999999999997,0.5,0.2298,0.883,3.1717182881658,2200000.047683716,16.4,39.16034307,0.2,0.966,0.941,13.3,33.3,,,,,,,,,,,,,,,,,,,,,,,,,,,,,,,,,,,,,,,,,,,,
14,IRELAND,Western Europe,3.0,Heureux,7.085,11.342,78732.5533241753,0.928687136722631,0.947,72.4,0.879,0.077,0.363,0.15799999999999947,0.3,0.5428999999999999,0.912,3.12473557608522,400000.0059604645,19.6,33.0318247,0.21,0.977,0.973,12.5,31.4,,,,,,,,,,,,,,,,,,,,,,,,,,,,,,,,,,,,,,,,,,,,
15,COSTA RICA,Latin America and Caribbean,3.0,Heureux,7.069,9.88,12126.6259473462,0.26323299755890867,0.891,71.4,0.934,-0.126,0.809,0.2190000000000003,0.7900000095367432,0.7815000000000001,0.934,2.21987004811147,800000.011920929,15.4,20.47826256,0.23,0.968,0.951,8.8,48.2,8.0,10.0,10.0,9.0,9.0,8.0,2.0,9.0,10.0,1.0,10.0,7.0,10.0,10.0,7.0,8.0,8.0,10.0,10.0,10.0,9.0,9.7,9.0,9.0,8.5,6.0,8.0,7.0,7.0,10.0,7.5,9.0,9.0,9.0,7.3,10.0,7.0,8.0,6.0,9.0,10.0,7.3,4.0,8.0
16,UNITED KINGDOM,Western Europe,3.0,Heureux,7.064,10.707,43166.1552001396,0.08758205369188472,0.934,72.5,0.859,0.233,0.459,0.1479999999999997,0.4199999809265137,0.1862,0.897,2.68529445901456,2599999.9046325684,17.4,27.7505596,0.2,0.906,0.942,12.9,35.1,,,,,,,,,,,,,,,,,,,,,,,,,,,,,,,,,,,,,,,,,,,,
17,CZECH REPUBLIC,Central and Eastern Europe,,Heureux,6.965,10.556,18984.6372995314,0.1879946773321631,0.947,70.807,0.858,-0.208,0.868,0.19399999999999995,,,,,,,,,,,,,7.0,10.0,10.0,10.0,10.0,9.0,1.0,8.0,9.0,1.0,10.0,9.0,10.0,10.0,9.0,9.0,9.0,10.0,10.0,9.0,10.0,9.7,10.0,10.0,10.0,8.0,9.0,8.0,8.0,10.0,8.8,10.0,7.0,10.0,8.0,10.0,8.0,10.0,10.0,9.0,10.0,8.7,1.0,9.5
18,UNITED STATES,North America and ANZ,3.0,Heureux,6.951,11.023,58060.3139482984,0.15703137176669607,0.92,68.2,0.837,0.098,0.698,0.19099999999999984,0.6300000190734864,0.2927,0.942,-0.167946577149298,26500000.0,16.5,27.01490354,0.17,0.935,0.924,13.4,41.4,,,,,,,,,,,,,,,,,,,,,,,,,,,,,,,,,,,,,,,,,,,,
19,BELGIUM,Western Europe,3.0,Heureux,6.834,10.823,40424.6388411871,0.07565427034656026,0.906,72.199,0.783,-0.153,0.646,0.13399999999999945,0.4199999809265137,0.0884,0.883,3.16232777071481,400000.0059604645,19.8,31.09935878,0.2,0.98,0.968,11.8,27.2,,,,,,,,,,,,,,,,,,,,,,,,,,,,,,,,,,,,,,,,,,,,
20,FRANCE,Western Europe,3.0,Heureux,6.69,10.704,35785.967011942,0.0721220055997595,0.942,74.0,0.822,-0.147,0.571,0.14399999999999924,0.4400000095367432,0.1487,0.877,1.68280366988324,3700000.047683716,16.4,28.8553892,0.2,0.947,0.972,11.5,32.4,,,,,,,,,,,,,,,,,,,,,,,,,,,,,,,,,,,,,,,,,,,,
21,BAHRAIN,Middle East and North Africa,0.0,Heureux,6.647,10.669,19545.5785609474,-0.07318802987403995,0.862,69.495,0.925,0.089,0.722,0.2649999999999997,0.6800000190734864,1.0464,0.121,0.0966059125757077,,16.0,14.45461706,,0.29,0.103,9.4,,4.0,2.0,1.0,8.0,3.0,2.0,5.0,1.0,1.0,7.0,5.0,7.0,1.0,5.0,4.0,5.0,2.0,2.0,2.0,2.0,5.0,5.3,6.0,6.0,7.3,1.0,2.0,4.0,2.0,1.5,3.0,7.5,4.0,6.0,4.0,2.0,3.0,7.0,5.0,1.5,5.0,3.0,4.0,4.5
22,MALTA,Western Europe,2.0,Heureux,6.602,10.674,25427.0817776539,0.3492760675110254,0.931,72.2,0.927,0.133,0.653,0.1719999999999997,0.65,0.1071,0.907,2.41013509285699,50000.00074505806,15.9,14.27038579,0.21,0.906,0.826,11.3,28.7,,,,,,,,,,,,,,,,,,,,,,,,,,,,,,,,,,,,,,,,,,,,
23,TAIWAN PROVINCE OF CHINA,East Asia,,Heureux,6.584,10.871,,,0.898,69.6,0.784,-0.07,0.721,0.14900000000000002,,,,,,,,,,,,,9.0,10.0,10.0,10.0,10.0,9.0,2.0,8.0,10.0,2.0,10.0,10.0,10.0,10.0,9.0,9.0,9.0,10.0,9.0,10.0,9.0,10.0,10.0,10.0,9.5,9.0,9.0,8.0,9.0,9.8,8.5,10.0,10.0,10.0,8.7,10.0,9.0,9.0,10.0,9.5,10.0,8.7,2.0,9.0
24,UNITED ARAB EMIRATES,Middle East and North Africa,0.0,Heureux,6.561,11.085,37497.580713635,,0.844,67.333,0.932,0.074,0.589,0.15299999999999958,0.6599999904632569,0.8380000000000001,0.038,0.0855950444933784,,13.6,,0.24,0.535,0.054,10.8,26.0,7.0,1.0,2.0,10.0,5.0,3.0,9.0,7.0,2.0,1.0,7.0,9.0,1.0,9.0,8.0,6.0,7.0,2.0,2.0,3.0,2.0,7.7,10.0,7.0,8.0,1.0,2.0,9.0,5.0,1.8,3.0,7.0,7.0,7.0,8.0,2.0,6.0,8.0,8.0,2.0,7.0,5.0,2.0,7.5
25,SAUDI ARABIA,Middle East and North Africa,0.0,Heureux,6.494,10.743,18700.2258378138,0.02424181162807418,0.891,66.603,0.877,-0.149,0.684,0.21999999999999975,0.7000000000000001,1.2752,0.027,-1.11675379070131,,16.9,13.75321135,0.28,0.196,0.097,9.5,,5.0,1.0,2.0,7.0,2.0,2.0,10.0,3.0,1.0,4.0,4.0,6.0,1.0,5.0,5.0,3.0,3.0,1.0,1.0,2.0,2.0,4.0,8.0,2.0,7.0,1.0,1.0,6.0,4.0,1.3,2.0,6.5,4.0,4.0,5.3,1.0,3.0,7.0,6.0,1.0,6.0,4.0,4.0,5.0
26,SPAIN,Western Europe,3.0,Heureux,6.491,10.571,24939.1872568495,0.02085681765373744,0.932,74.7,0.761,-0.081,0.745,0.16599999999999948,0.3200000047683716,-0.1344,0.912,1.27203902740169,4099999.904632568,17.9,11.06571463,0.21,0.972,0.893,9.8,34.7,,,,,,,,,,,,,,,,,,,,,,,,,,,,,,,,,,,,,,,,,,,,
27,ITALY,Western Europe,3.0,Heureux,6.483,10.623,29358.1294303082,-0.017043363755643064,0.88,73.8,0.693,-0.084,0.866,0.1770000000000005,0.2900000095367431,-0.3651,0.903,1.88361062821864,4000000.0,16.3,12.17394503,0.2,0.934,0.925,10.2,35.9,,,,,,,,,,,,,,,,,,,,,,,,,,,,,,,,,,,,,,,,,,,,
28,SLOVENIA,Central and Eastern Europe,2.0,Heureux,6.461,10.529,22899.360703212,0.198473056331586,0.948,71.4,0.949,-0.101,0.806,0.16999999999999993,0.2200000047683716,-0.1154,0.815,3.47494682443973,200000.00298023224,17.2,19.18155391,0.2,0.919,0.727,12.2,24.6,8.0,10.0,10.0,10.0,9.0,8.0,1.0,8.0,10.0,2.0,10.0,9.0,10.0,8.0,8.0,9.0,9.0,10.0,8.0,9.0,9.0,8.7,10.0,8.0,9.8,7.0,10.0,8.0,7.0,9.5,7.8,9.5,8.0,9.0,8.0,10.0,8.0,9.0,10.0,10.0,10.0,7.7,1.0,9.0
29,GUATEMALA,Latin America and Caribbean,2.0,Heureux,6.435,9.053,4126.2054283726,0.21217244500458987,0.813,64.958,0.906,-0.038,0.775,0.28500000000000014,2.360000038146973,1.8797,0.771,0.43994217288019,8699999.809265137,10.8,7.997272915,0.35,0.577,0.701,6.5,48.3,3.0,3.0,5.0,3.0,4.0,4.0,6.0,3.0,3.0,6.0,4.0,4.0,3.0,5.0,3.0,3.0,4.0,6.0,5.0,3.0,4.0,5.3,4.0,8.0,5.8,4.0,3.0,4.0,3.0,4.8,4.0,5.5,3.0,6.0,3.3,3.0,4.0,4.0,3.0,3.0,6.0,3.3,8.0,4.0
30,URUGUAY,Latin America and Caribbean,3.0,Heureux,6.431,9.966,15002.6493661467,0.16179669493449209,0.925,69.1,0.896,-0.092,0.59,0.17999999999999972,0.6199999809265138,0.4004,0.897,3.18337801200782,800000.011920929,15.9,6.522740889,0.22,0.921,0.903,8.7,39.7,9.0,10.0,10.0,10.0,10.0,10.0,2.0,10.0,10.0,1.0,10.0,7.0,10.0,10.0,7.0,8.0,9.0,10.0,10.0,10.0,10.0,10.0,10.0,10.0,8.5,10.0,10.0,8.0,9.0,10.0,9.5,10.0,10.0,10.0,8.0,10.0,8.0,9.0,7.0,10.0,10.0,8.3,2.0,9.0
31,SINGAPORE,Southeast Asia,1.0,Heureux,6.377,11.488,58982.4609149611,0.3573825417562481,0.915,76.953,0.927,-0.018,0.082,0.16699999999999982,0.2200000047683716,0.3514,0.586,1.72527085415473,300000.01192092896,16.2,33.05412306,,0.919,0.321,11.5,,9.0,2.0,3.0,10.0,6.0,5.0,6.0,8.0,2.0,3.0,7.0,10.0,3.0,8.0,9.0,7.0,8.0,5.0,3.0,5.0,4.0,9.0,10.0,10.0,9.8,7.0,2.0,10.0,5.0,3.5,5.3,9.0,9.0,10.0,9.3,3.0,5.0,8.0,9.0,2.0,10.0,5.0,1.0,8.0
32,KOSOVO,Central and Eastern Europe,2.0,Heureux,6.372,9.318,3990.97027440455,0.5180237492723374,0.821,63.813,0.869,0.257,0.917,0.23000000000000043,,,0.812,1.5329535324859,,,,,0.718,0.759,,29.0,,,,,,,,,,,,,,,,,,,,,,,,,,,,,,,,,,,,,,,,,,,,
33,SLOVAKIA,Central and Eastern Europe,2.0,Heureux,6.331,10.369,9711.41796875,0.16728940543227194,0.936,69.201,0.766,-0.124,0.911,0.15999999999999925,0.5800000190734863,-0.0119,0.874,1.66945313303132,300000.01192092896,15.0,14.77711663,0.21,0.913,0.948,12.5,25.0,3.0,3.0,3.0,7.0,5.0,3.0,6.0,7.0,3.0,4.0,4.0,6.0,3.0,3.0,4.0,4.0,6.0,4.0,4.0,4.0,4.0,3.3,9.0,7.0,6.8,4.0,3.0,5.0,4.0,3.5,4.0,4.0,4.0,4.0,4.0,3.0,4.0,6.0,7.0,3.0,9.0,4.3,4.0,6.0
34,BRAZIL,Latin America and Caribbean,2.0,Heureux,6.33,9.577,8228.7742633553,-0.01735756868751197,0.882,66.601,0.804,-0.071,0.756,0.16999999999999993,1.4699999809265138,0.6507000000000001,0.875,-1.30557569308454,49599998.47412109,15.4,8.780421938,0.27,0.645,0.659,7.8,53.4,7.0,8.0,8.0,8.0,6.0,6.0,3.0,4.0,8.0,5.0,6.0,7.0,9.0,7.0,6.0,5.0,6.0,9.0,7.0,7.0,8.0,7.3,7.0,8.0,7.8,4.0,7.0,7.0,6.0,8.3,5.8,8.5,8.0,8.0,6.7,9.0,6.0,7.0,6.0,7.5,9.0,6.3,5.0,6.5
35,MEXICO,Latin America and Caribbean,2.0,Heureux,6.317,9.859,8922.61247240763,0.04242268863816321,0.831,68.597,0.862,-0.147,0.799,0.20699999999999985,1.3699999809265138,1.0511,0.773,-1.24176667181409,33200000.762939453,14.1,15.9353795,0.34,0.595,0.765,8.6,45.4,3.0,5.0,7.0,7.0,4.0,5.0,6.0,5.0,7.0,7.0,8.0,5.0,6.0,7.0,5.0,5.0,5.0,7.0,5.0,5.0,6.0,7.0,5.0,8.0,7.5,6.0,6.0,6.0,5.0,6.3,5.5,7.0,4.0,8.0,4.7,7.0,5.0,6.0,6.0,6.5,8.0,5.3,6.0,5.5
36,JAMAICA,Latin America and Caribbean,2.0,Heureux,6.309,9.186,4539.00191663451,-0.03281616637949349,0.877,67.5,0.89,-0.137,0.884,0.6110000000000007,1.3300000190734864,0.7827999999999999,0.882,0.035877179028971,,13.1,,0.24,0.848,0.933,9.8,45.5,4.0,9.0,10.0,8.0,7.0,6.0,4.0,7.0,9.0,4.0,8.0,5.0,9.0,8.0,5.0,5.0,6.0,9.0,10.0,9.0,7.0,8.3,8.0,9.0,6.8,9.0,8.0,5.0,6.0,9.5,7.3,8.0,5.0,9.0,4.7,8.0,7.0,5.0,5.0,8.5,10.0,6.7,4.0,5.5
37,LITHUANIA,Central and Eastern Europe,2.0,Heureux,6.255,10.499,17213.8143045269,0.6271152766817337,0.935,67.906,0.773,-0.203,0.826,0.1770000000000005,0.3299999952316284,-0.4101,0.844,2.21929139113023,300000.01192092896,16.1,19.30967549,0.23,0.924,0.929,13.0,35.7,8.0,10.0,10.0,10.0,9.0,9.0,3.0,8.0,10.0,1.0,10.0,8.0,10.0,10.0,9.0,9.0,9.0,10.0,9.0,10.0,8.0,9.7,10.0,10.0,9.8,7.0,10.0,8.0,8.0,9.8,8.0,10.0,10.0,9.0,8.3,10.0,8.0,8.0,8.0,10.0,10.0,8.3,1.0,8.5
38,CYPRUS,Western Europe,3.0,Heureux,6.223,10.576,26502.84765625,0.06514211440387224,0.802,73.898,0.763,-0.015,0.844,0.19099999999999984,0.2799999952316284,0.2507,0.903,1.61526699118821,,14.6,19.13097955,0.18,0.927,0.876,12.1,32.7,,,,,,,,,,,,,,,,,,,,,,,,,,,,,,,,,,,,,,,,,,,,
39,ESTONIA,Central and Eastern Europe,3.0,Heureux,6.189,10.481,19767.0776001377,0.4686262732943193,0.941,68.8,0.909,-0.106,0.527,0.1479999999999997,0.2099999904632568,-0.1914,0.903,3.09573672874836,100000.00149011612,16.1,19.52933387,0.21,0.975,0.974,12.7,30.3,9.0,9.0,10.0,10.0,10.0,9.0,2.0,7.0,10.0,3.0,10.0,9.0,10.0,10.0,9.0,9.0,9.0,10.0,10.0,10.0,9.0,10.0,10.0,10.0,10.0,9.0,10.0,8.0,9.0,10.0,9.3,10.0,10.0,10.0,8.7,10.0,9.0,9.0,8.0,10.0,9.0,9.3,2.0,9.0
40,PANAMA,Latin America and Caribbean,2.0,Heureux,6.18,10.35,12172.3108102952,0.3511010630168897,0.896,69.652,0.872,-0.166,0.856,0.2870000000000008,1.4300000190734865,1.303,0.882,2.66266657729997,,12.7,21.96756425,0.28,0.843,0.817,10.2,49.8,4.0,9.0,8.0,7.0,7.0,6.0,5.0,8.0,7.0,3.0,9.0,5.0,8.0,8.0,4.0,5.0,5.0,8.0,7.0,5.0,7.0,7.7,8.0,8.0,7.8,7.0,7.0,6.0,5.0,7.8,6.5,7.5,5.0,8.0,4.7,7.0,6.0,6.0,5.0,7.0,9.0,6.7,5.0,5.5
41,UZBEKISTAN,Commonwealth of Independent States,1.0,Heureux,6.179,8.836,3159.72604728047,0.5613429010900923,0.918,65.255,0.97,0.311,0.515,0.26700000000000035,1.3899999618530274,1.3838,0.137,-0.198496516864295,6500000.0,12.0,19.54564046,0.25,0.466,0.24,11.5,35.3,3.0,2.0,3.0,6.0,3.0,3.0,8.0,5.0,2.0,3.0,3.0,5.0,2.0,5.0,3.0,5.0,5.0,2.0,3.0,3.0,2.0,5.3,9.0,8.0,3.8,2.0,2.0,4.0,4.0,2.5,2.7,4.0,4.0,6.0,3.3,3.0,4.0,4.0,4.0,2.0,8.0,4.0,7.0,4.5
42,CHILE,Latin America and Caribbean,3.0,Heureux,6.172,10.071,12890.2643426289,0.22071243353574774,0.882,70.0,0.742,-0.044,0.83,0.18099999999999916,0.6800000190734864,0.538,0.867,0.530467579158257,3400000.095367432,16.4,29.25581351,0.24,0.917,0.898,10.3,44.4,9.0,10.0,10.0,10.0,9.0,8.0,3.0,8.0,10.0,3.0,8.0,6.0,10.0,10.0,9.0,8.0,7.0,10.0,10.0,9.0,8.0,10.0,9.0,10.0,9.5,7.0,10.0,8.0,9.0,10.0,7.3,10.0,10.0,10.0,,10.0,7.0,9.0,7.0,10.0,10.0,8.3,3.0,8.0
43,POLAND,Central and Eastern Europe,2.0,Heureux,6.166,10.382,14660.7939183601,0.4320227750416693,0.898,69.702,0.841,-0.165,0.735,0.15800000000000036,0.4400000095367432,-0.1046,0.831,1.82582000681044,2200000.047683716,16.4,17.7296766,0.21,0.81,0.625,12.3,30.2,7.0,8.0,9.0,9.0,8.0,7.0,1.0,7.0,7.0,3.0,9.0,7.0,10.0,9.0,7.0,6.0,8.0,9.0,7.0,6.0,9.0,8.0,10.0,8.0,9.5,7.0,7.0,8.0,7.0,8.8,8.0,9.5,7.0,7.0,7.3,6.0,8.0,9.0,8.0,7.0,10.0,7.3,2.0,8.5
44,KAZAKHSTAN,Commonwealth of Independent States,1.0,Heureux,6.152,10.155,10974.2462750953,0.2545378877844434,0.952,65.2,0.853,-0.069,0.733,0.18300000000000072,1.0,1.1811,0.281,-0.0602725205174614,400000.0059604645,15.1,21.36876839,0.25,0.585,0.33,11.8,27.8,4.0,2.0,3.0,8.0,4.0,3.0,7.0,6.0,2.0,4.0,6.0,6.0,2.0,5.0,5.0,5.0,6.0,2.0,2.0,4.0,3.0,6.7,9.0,9.0,6.3,2.0,2.0,6.0,5.0,2.3,2.7,6.0,4.0,8.0,5.0,2.0,3.0,6.0,6.0,2.0,8.0,5.0,5.0,6.0
45,ROMANIA,Central and Eastern Europe,2.0,Heureux,6.14,10.284,10865.1410616386,0.5196974076653291,0.832,67.355,0.845,-0.219,0.938,0.22599999999999998,0.6900000095367432,-0.386,0.849,1.40896411329348,2700000.047683716,14.3,11.7488843,0.2,0.826,0.915,11.0,35.8,5.0,7.0,8.0,9.0,,5.0,5.0,7.0,8.0,3.0,9.0,6.0,8.0,7.0,5.0,7.0,7.0,9.0,7.0,7.0,7.0,6.0,10.0,9.0,8.5,6.0,7.0,4.0,5.0,8.0,6.8,8.0,6.0,6.0,4.7,6.0,6.0,7.0,7.0,7.5,9.0,5.0,4.0,7.0
46,KUWAIT,Middle East and North Africa,1.0,Heureux,6.106,10.817,24429.2204624852,,0.843,66.9,0.867,-0.104,0.736,0.258,0.8899999618530274,0.9017000000000002,0.097,1.10897954902877,500000.0,13.6,,0.26,0.69,0.595,7.3,,5.0,4.0,4.0,8.0,6.0,4.0,6.0,5.0,3.0,4.0,5.0,6.0,3.0,6.0,5.0,4.0,6.0,4.0,4.0,,6.0,6.7,10.0,6.0,6.8,2.0,3.0,4.0,5.0,3.8,4.0,7.5,5.0,8.0,4.7,4.0,4.0,7.0,7.0,3.0,7.0,4.7,3.0,6.5
47,SERBIA,Central and Eastern Europe,1.0,Heureux,6.078,9.787,6549.35006252111,0.3618419964598608,0.873,68.6,0.778,0.002,0.835,0.20699999999999985,0.5599999904632569,-0.4024,0.614,,1100000.023841858,14.6,,0.22,0.787,0.397,11.1,30.4,6.0,6.0,8.0,9.0,8.0,5.0,4.0,6.0,7.0,4.0,7.0,7.0,8.0,7.0,6.0,6.0,7.0,6.0,6.0,6.0,7.0,6.7,8.0,8.0,8.0,6.0,6.0,6.0,6.0,7.0,6.8,7.0,5.0,6.0,6.0,5.0,7.0,7.0,6.0,6.5,9.0,6.3,5.0,7.0
48,EL SALVADOR,Latin America and Caribbean,1.0,Heureux,6.061,9.054,3632.45388124332,0.20087807099178584,0.762,66.402,0.888,-0.11,0.688,0.2549999999999999,1.2899999618530271,1.0437999999999998,0.83,0.271458600704316,3000000.0,12.6,15.94966082,0.26,0.463,0.516,6.9,38.8,5.0,9.0,8.0,6.0,5.0,7.0,5.0,8.0,9.0,4.0,8.0,5.0,9.0,9.0,6.0,5.0,5.0,9.0,8.0,6.0,7.0,9.0,6.0,9.0,8.3,7.0,7.0,8.0,6.0,8.5,6.0,8.0,6.0,10.0,6.3,7.0,5.0,6.0,4.0,8.0,9.0,6.3,7.0,5.5
49,MAURITIUS,Sub-Saharan Africa,2.0,Heureux,6.049,10.008,9058.20835474945,0.20516620212891157,0.905,66.701,0.867,-0.054,0.789,0.2320000000000002,1.65,0.1073,0.85,1.18565856586703,300000.01192092896,15.1,3.737396541,0.3,0.777,0.809,9.3,36.8,5.0,10.0,9.0,10.0,8.0,7.0,4.0,8.0,9.0,1.0,10.0,7.0,10.0,9.0,7.0,7.0,6.0,9.0,7.0,9.0,8.0,9.0,10.0,8.0,8.5,8.0,9.0,8.0,8.0,8.8,7.8,9.0,7.0,9.0,6.7,9.0,6.0,8.0,6.0,9.0,9.0,8.0,3.0,7.0
50,LATVIA,Central and Eastern Europe,3.0,Peu Heureux,6.032,10.315,15559.5946483588,0.49641615632656044,0.927,67.1,0.715,-0.162,0.8,0.14199999999999946,0.4,-0.4683,0.884,2.63660931237167,200000.00298023224,15.8,20.26577116,0.22,0.971,0.953,12.8,35.1,7.0,9.0,10.0,10.0,9.0,7.0,4.0,8.0,10.0,4.0,10.0,8.0,10.0,9.0,7.0,9.0,8.0,9.0,8.0,8.0,8.0,9.7,10.0,10.0,9.3,6.0,10.0,7.0,8.0,9.3,7.5,10.0,7.0,10.0,7.0,9.0,8.0,8.0,7.0,10.0,8.0,8.7,2.0,8.0
51,COLOMBIA,Latin America and Caribbean,2.0,Peu Heureux,6.012,9.557,5871.16172866834,0.24796175687780964,0.847,68.001,0.837,-0.135,0.841,0.23999999999999932,1.3199999809265135,0.8372999999999999,0.85,-0.470898620389987,,14.4,18.644955,0.31,0.561,0.723,8.3,51.3,5.0,7.0,7.0,6.0,6.0,5.0,5.0,5.0,8.0,6.0,7.0,5.0,7.0,8.0,5.0,5.0,6.0,7.0,7.0,6.0,6.0,7.7,7.0,8.0,7.5,5.0,7.0,6.0,7.0,7.0,5.5,7.5,6.0,8.0,5.3,7.0,5.0,6.0,5.0,7.5,8.0,6.7,7.0,6.0
52,HUNGARY,Central and Eastern Europe,1.0,Peu Heureux,5.992,10.358,14400.7191628784,0.3688604505070628,0.943,68.0,0.755,-0.186,0.876,0.18599999999999994,0.4,-0.3388,0.695,1.45179141006147,800000.011920929,15.1,15.70004748,0.21,0.884,0.521,11.9,29.6,4.0,5.0,7.0,9.0,7.0,4.0,3.0,4.0,5.0,4.0,6.0,5.0,10.0,6.0,5.0,5.0,7.0,6.0,5.0,6.0,6.0,5.7,10.0,8.0,7.8,6.0,6.0,6.0,4.0,7.0,6.5,8.0,5.0,6.0,5.0,5.0,6.0,7.0,7.0,5.5,10.0,5.0,2.0,7.0
53,THAILAND,Southeast Asia,0.0,Peu Heureux,5.985,9.805,6187.07028885175,0.2143520010668429,0.888,67.401,0.884,0.287,0.895,0.18400000000000016,0.8699999809265138,0.1746,0.513,-0.76508664986876,20799999.237060547,14.7,18.32102442,0.26,0.314,0.41,7.6,34.9,5.0,2.0,2.0,7.0,4.0,3.0,6.0,2.0,1.0,7.0,4.0,6.0,1.0,6.0,5.0,6.0,4.0,1.0,2.0,3.0,4.0,6.3,7.0,6.0,6.3,3.0,1.0,4.0,4.0,1.5,4.0,7.0,4.0,7.0,4.7,2.0,5.0,6.0,6.0,1.0,7.0,4.3,6.0,5.0
54,NICARAGUA,Latin America and Caribbean,1.0,Peu Heureux,5.972,8.62,1923.91585798786,0.24970749023558567,0.864,67.657,0.836,0.02,0.664,0.32400000000000073,1.6,1.4259000000000002,0.284,-0.847490396116914,,12.1,16.40046178,0.34,0.176,0.227,6.7,46.2,2.0,2.0,2.0,6.0,3.0,1.0,4.0,2.0,3.0,6.0,4.0,4.0,3.0,3.0,3.0,4.0,5.0,5.0,4.0,2.0,6.0,3.0,6.0,8.0,5.5,3.0,2.0,5.0,2.0,3.5,4.7,5.5,3.0,3.0,3.3,2.0,5.0,4.0,3.0,2.5,8.0,3.3,6.0,4.5
55,JAPAN,East Asia,3.0,Peu Heureux,5.94,10.611,34556.4399294744,0.0709187087149978,0.884,75.1,0.796,-0.258,0.638,0.1589999999999998,0.25,-0.4061,0.919,2.86579314793112,4300000.190734863,15.2,38.11831484,0.17,0.961,0.884,12.8,32.9,,,,,,,,,,,,,,,,,,,,,,,,,,,,,,,,,,,,,,,,,,,,
56,ARGENTINA,Latin America and Caribbean,2.0,Peu Heureux,5.929,9.962,11344.4057423154,-0.08563954378021729,0.898,69.0,0.828,-0.182,0.834,0.22100000000000009,0.8600000381469727,0.8854,0.915,1.26413056393746,16000000.0,17.4,14.0340089,0.29,0.824,0.904,9.9,,7.0,9.0,10.0,8.0,7.0,6.0,4.0,7.0,8.0,4.0,8.0,6.0,8.0,8.0,6.0,5.0,7.0,9.0,9.0,7.0,7.0,8.0,8.0,10.0,6.5,7.0,8.0,7.0,7.0,9.0,7.3,7.5,8.0,8.0,6.7,8.0,7.0,6.0,7.0,8.0,10.0,7.0,4.0,6.5
57,PORTUGAL,Western Europe,2.0,Peu Heureux,5.929,10.421,19771.577419808,0.05396917942232556,0.879,72.6,0.892,-0.244,0.887,0.2160000000000002,0.3299999952316284,-0.3303,0.896,2.09402756422172,1200000.0476837158,16.3,20.55286367,0.21,0.912,0.962,9.2,33.5,,,,,,,,,,,,,,,,,,,,,,,,,,,,,,,,,,,,,,,,,,,,
58,HONDURAS,Latin America and Caribbean,1.0,Peu Heureux,5.919,8.648,2239.0081498977,0.16939668831492413,0.812,67.3,0.857,0.081,0.809,0.3230000000000004,1.6200000762939455,1.6283000000000003,0.806,-0.372212629510722,4400000.095367432,10.2,7.977643328,0.31,0.62,0.742,6.5,48.2,2.0,4.0,5.0,6.0,4.0,4.0,6.0,5.0,3.0,6.0,4.0,3.0,3.0,7.0,3.0,4.0,4.0,5.0,5.0,3.0,5.0,6.7,6.0,9.0,6.5,6.0,3.0,5.0,4.0,4.5,5.3,6.5,3.0,7.0,3.3,3.0,5.0,4.0,3.0,3.0,8.0,4.7,7.0,4.0
59,CROATIA,Central and Eastern Europe,2.0,Peu Heureux,5.882,10.217,12984.6958701017,0.2672057642553699,0.924,70.799,0.754,-0.118,0.939,0.1869999999999994,0.4599999904632568,-0.4833,0.839,2.20291559720122,500000.0,15.0,11.92591099,0.22,0.882,0.816,11.3,29.7,7.0,8.0,10.0,10.0,8.0,7.0,4.0,8.0,9.0,2.0,9.0,7.0,9.0,8.0,7.0,7.0,8.0,9.0,6.0,7.0,8.0,7.7,10.0,8.0,9.3,7.0,8.0,6.0,7.0,8.5,7.3,8.0,6.0,7.0,6.7,8.0,7.0,7.0,7.0,8.5,9.0,7.0,3.0,7.5
60,PHILIPPINES,Southeast Asia,1.0,Peu Heureux,5.88,9.076,3271.64988766657,0.40262076313335854,0.83,62.0,0.917,-0.097,0.742,0.20400000000000063,2.6399999618530274,1.3649000000000002,0.684,-1.67362006195372,46099998.47412109,12.6,26.64283698,0.31,0.524,0.596,9.3,37.8,4.0,4.0,7.0,7.0,4.0,5.0,4.0,5.0,5.0,6.0,6.0,5.0,6.0,6.0,4.0,7.0,7.0,7.0,5.0,6.0,7.0,6.3,5.0,7.0,7.0,4.0,6.0,7.0,6.0,6.3,5.8,6.0,4.0,7.0,5.0,5.0,6.0,5.0,5.0,5.5,7.0,5.3,7.0,6.0
61,SOUTH KOREA,East Asia,3.0,Peu Heureux,5.845,10.651,17360.711193011,0.23382976558249596,0.799,73.9,0.672,-0.083,0.727,0.16500000000000004,0.3,0.0325,0.87,1.85213088229866,2599999.9046325684,16.5,33.98050334,0.22,0.953,0.953,12.1,31.4,6.0,9.0,10.0,10.0,9.0,9.0,2.0,7.0,8.0,3.0,8.0,6.0,10.0,8.0,7.0,7.0,8.0,10.0,8.0,8.0,9.0,8.3,10.0,9.0,9.5,6.0,8.0,7.0,8.0,9.5,8.0,9.5,7.0,9.0,6.7,8.0,8.0,9.0,9.0,8.0,10.0,8.0,1.0,8.5
62,PERU,Latin America and Caribbean,2.0,Peu Heureux,5.84,9.458,5807.06540086688,0.2564709453131287,0.832,68.25,0.822,-0.154,0.891,0.29600000000000026,1.2800000190734864,1.1561,0.86,1.07019249156402,15500000.0,13.8,15.57307784,0.29,0.793,0.835,9.2,41.5,6.0,8.0,8.0,7.0,6.0,6.0,6.0,6.0,7.0,5.0,7.0,5.0,8.0,7.0,6.0,6.0,5.0,8.0,8.0,6.0,5.0,8.0,6.0,8.0,8.3,4.0,6.0,6.0,5.0,8.0,4.5,8.0,6.0,8.0,6.0,7.0,5.0,6.0,5.0,6.5,9.0,5.7,6.0,5.5
63,BOSNIA AND HERZEGOVINA,Central and Eastern Europe,2.0,Peu Heureux,5.813,9.59,5437.51024290917,0.42937577983541875,0.87,68.098,0.706,0.113,0.931,0.19599999999999973,0.5699999809265137,-0.3603,0.854,1.52574804525,300000.01192092896,14.2,,0.22,0.761,0.631,9.7,33.0,4.0,5.0,7.0,7.0,7.0,5.0,5.0,2.0,4.0,5.0,6.0,5.0,6.0,5.0,4.0,4.0,5.0,6.0,6.0,5.0,5.0,5.0,8.0,8.0,7.3,6.0,4.0,3.0,4.0,6.3,5.8,7.5,5.0,6.0,3.7,7.0,6.0,7.0,6.0,4.0,4.0,4.7,5.0,6.0
64,MOLDOVA,Commonwealth of Independent States,2.0,Peu Heureux,5.766,9.454,3235.94580488099,0.6647449604303567,0.857,65.699,0.822,-0.079,0.918,0.17900000000000027,1.4500000000000002,-0.2261,0.864,0.231043413899837,1100000.023841858,11.6,,0.2,0.848,0.898,11.6,25.7,3.0,6.0,7.0,7.0,6.0,6.0,6.0,6.0,6.0,4.0,6.0,5.0,5.0,6.0,6.0,5.0,6.0,6.0,6.0,4.0,5.0,5.7,6.0,9.0,6.8,6.0,6.0,6.0,6.0,6.0,5.3,6.5,4.0,7.0,5.0,4.0,5.0,5.0,4.0,6.0,7.0,5.3,8.0,5.5
65,ECUADOR,Latin America and Caribbean,2.0,Peu Heureux,5.764,9.313,5315.51653510112,0.026464835727324183,0.821,68.8,0.842,-0.124,0.843,0.22200000000000042,1.3,1.3745,0.754,0.904875419809724,5699999.809265137,14.7,21.31130617,0.27,0.889,0.785,8.7,45.7,6.0,8.0,9.0,7.0,7.0,5.0,6.0,7.0,7.0,3.0,6.0,5.0,9.0,7.0,5.0,5.0,6.0,8.0,8.0,6.0,6.0,7.0,9.0,9.0,6.3,6.0,7.0,5.0,5.0,8.5,5.5,6.5,6.0,8.0,5.3,7.0,5.0,5.0,5.0,7.0,9.0,5.0,6.0,5.5
66,KYRGYZSTAN,Commonwealth of Independent States,1.0,Peu Heureux,5.744,8.538,1102.66436211075,0.16231355848558401,0.893,64.401,0.935,0.119,0.908,0.18100000000000005,1.75,1.6623,0.705,0.0623192284821326,400000.0059604645,13.4,20.40578449,0.25,0.636,0.637,10.9,29.7,7.0,10.0,7.0,10.0,8.0,7.0,5.0,8.0,9.0,2.0,10.0,10.0,10.0,10.0,8.0,7.0,7.0,9.0,8.0,9.0,8.0,9.0,10.0,10.0,8.5,6.0,8.0,8.0,7.0,8.5,7.5,9.5,8.0,8.0,7.7,9.0,7.0,8.0,9.0,8.5,10.0,7.3,1.0,7.5
67,GREECE,Western Europe,3.0,Peu Heureux,5.723,10.279,17323.8227704417,-0.1265779742731009,0.823,72.6,0.582,-0.288,0.823,0.18100000000000005,0.4099999904632568,-0.4071000000000001,0.865,1.31669331024391,899999.9761581421,17.3,21.05904718,0.21,0.942,0.849,10.8,32.9,,,,,,,,,,,,,,,,,,,,,,,,,,,,,,,,,,,,,,,,,,,,
68,BOLIVIA,Latin America and Caribbean,2.0,Peu Heureux,5.716,9.046,2986.02443319248,0.24303444731227708,0.81,63.901,0.875,-0.077,0.839,0.20599999999999952,2.539999961853028,1.4168,0.792,0.468168850406375,,14.0,22.3916509,0.24,0.786,0.767,8.9,41.6,4.0,7.0,7.0,7.0,6.0,7.0,6.0,6.0,6.0,5.0,5.0,5.0,,7.0,4.0,5.0,5.0,9.0,7.0,5.0,7.0,6.7,8.0,10.0,6.0,6.0,6.0,6.0,6.0,8.0,6.3,5.0,5.0,7.0,4.7,5.0,6.0,5.0,4.0,6.0,9.0,6.7,7.0,5.0
69,MONGOLIA,East Asia,2.0,Peu Heureux,5.677,9.4,4126.69912400948,0.5672205289496055,0.935,62.5,0.708,0.116,0.856,0.16500000000000004,1.5399999618530271,1.5399000000000005,0.822,0.995859838533123,800000.011920929,15.5,25.04760092,0.24,0.828,0.845,10.1,32.7,4.0,9.0,9.0,6.0,7.0,7.0,6.0,8.0,7.0,2.0,9.0,5.0,7.0,7.0,5.0,5.0,6.0,8.0,7.0,6.0,7.0,8.0,10.0,10.0,7.0,6.0,7.0,5.0,6.0,7.8,6.5,6.5,5.0,10.0,4.7,7.0,6.0,6.0,5.0,7.0,10.0,6.0,7.0,6.0
70,PARAGUAY,Latin America and Caribbean,2.0,Peu Heureux,5.653,9.448,5656.26120150786,0.2213895995467406,0.893,65.9,0.876,0.028,0.882,0.359,1.8899999618530277,1.4189,0.8,1.07670548820932,,12.7,16.64953734,0.29,0.75,0.748,8.4,45.7,4.0,7.0,8.0,6.0,6.0,5.0,6.0,7.0,7.0,4.0,7.0,5.0,8.0,7.0,6.0,4.0,5.0,8.0,6.0,5.0,6.0,7.7,6.0,9.0,5.8,7.0,6.0,6.0,7.0,7.5,5.8,6.5,4.0,8.0,5.3,8.0,5.0,5.0,4.0,6.5,9.0,6.7,7.0,5.0
71,MONTENEGRO,Central and Eastern Europe,1.0,Peu Heureux,5.581,9.94,6515.53374505326,0.22682062029313158,0.858,68.699,0.708,-0.034,0.812,0.2110000000000003,0.2400000095367431,0.0663,0.865,1.63044737094408,50000.00074505806,14.9,,0.22,0.799,0.749,11.3,38.5,7.0,8.0,8.0,10.0,8.0,7.0,4.0,7.0,6.0,3.0,10.0,6.0,9.0,9.0,5.0,6.0,7.0,6.0,6.0,7.0,8.0,9.3,10.0,8.0,8.0,7.0,7.0,8.0,7.0,7.3,7.3,8.0,6.0,10.0,6.7,6.0,6.0,7.0,7.0,6.5,8.0,7.3,5.0,7.0
72,DOMINICAN REPUBLIC,Latin America and Caribbean,2.0,Peu Heureux,5.545,9.802,7677.71037196084,0.47899735833084633,0.853,66.102,0.86,-0.133,0.714,0.27999999999999936,3.379999923706055,1.2237,0.879,-0.223449926552006,,13.7,23.46018038,0.3,0.851,0.941,7.8,41.9,3.0,9.0,9.0,7.0,6.0,5.0,5.0,7.0,7.0,3.0,7.0,5.0,8.0,8.0,6.0,4.0,4.0,7.0,7.0,5.0,7.0,7.7,8.0,8.0,6.5,6.0,7.0,7.0,7.0,7.8,6.5,6.5,4.0,8.0,5.3,6.0,6.0,5.0,5.0,7.0,7.0,6.3,5.0,4.5
73,NORTH CYPRUS,Western Europe,,Peu Heureux,5.536,10.576,,,0.82,73.898,0.795,0.012,0.626,0.2010000000000005,,,,,,,,,,,,,,,,,,,,,,,,,,,,,,,,,,,,,,,,,,,,,,,,,,,,,,,,
74,BELARUS,Commonwealth of Independent States,1.0,Peu Heureux,5.534,9.853,6234.82432796722,0.141641650371536,0.91,66.253,0.65,-0.18,0.627,0.18299999999999983,0.2900000095367431,-0.1277,0.215,0.306001119150808,,15.5,,0.2,0.158,0.08,12.3,25.3,4.0,2.0,3.0,8.0,4.0,4.0,7.0,4.0,2.0,3.0,3.0,5.0,3.0,5.0,4.0,6.0,6.0,3.0,3.0,4.0,4.0,5.0,10.0,9.0,4.8,3.0,3.0,5.0,4.0,3.0,3.7,4.0,5.0,6.0,4.3,3.0,4.0,6.0,7.0,2.5,8.0,4.0,6.0,6.0
75,RUSSIA,Commonwealth of Independent States,1.0,Peu Heureux,5.477,10.189,2554.42546325236,0.6278937933726111,0.903,64.703,0.718,-0.111,0.845,0.1280000000000001,0.5400000095367432,-0.1059,0.322,-1.19244715691324,8800000.190734863,15.5,26.86390089,0.23,0.466,0.275,12.0,37.5,2.0,1.0,1.0,7.0,3.0,1.0,10.0,6.0,1.0,3.0,4.0,3.0,1.0,5.0,5.0,3.0,5.0,1.0,1.0,2.0,1.0,6.3,8.0,9.0,5.0,1.0,1.0,4.0,5.0,1.0,2.3,4.0,3.0,8.0,3.7,1.0,5.0,3.0,4.0,1.0,9.0,4.0,6.0,4.0
76,HONG KONG S.A.R. OF CHINA,East Asia,,Peu Heureux,5.477,11.0,,,0.836,76.82,0.717,0.067,0.403,0.1930000000000005,,,,,,,,,,,,,,,,,,,,,,,,,,,,,,,,,,,,,,,,,,,,,,,,,,,,,,,,
77,TAJIKISTAN,Commonwealth of Independent States,1.0,Peu Heureux,5.466,8.091,1197.90281151256,0.6335311729808155,0.86,64.281,0.832,-0.056,0.553,0.13199999999999967,3.229999923706055,2.373,0.176,-0.359234913858523,,11.2,11.67462215,0.3,0.163,0.167,10.4,34.0,2.0,2.0,2.0,6.0,2.0,2.0,9.0,2.0,1.0,5.0,2.0,3.0,2.0,6.0,3.0,3.0,5.0,1.0,2.0,2.0,2.0,5.3,9.0,8.0,3.5,2.0,1.0,4.0,4.0,1.8,2.3,3.0,2.0,6.0,3.0,2.0,3.0,4.0,3.0,1.0,7.0,4.3,8.0,4.5
78,VIETNAM,Southeast Asia,0.0,Peu Heureux,5.411,8.973,3316.00425182898,0.6731870065873646,0.85,68.034,0.94,-0.098,0.796,0.1540000000000008,2.089999961853028,0.9256,0.044,-0.63662280467457,6199999.809265137,12.7,6.345064617,0.29,0.452,0.182,8.2,35.7,5.0,2.0,3.0,7.0,4.0,3.0,9.0,6.0,2.0,3.0,6.0,6.0,2.0,6.0,5.0,5.0,6.0,2.0,2.0,2.0,3.0,7.0,9.0,10.0,6.0,1.0,1.0,5.0,5.0,2.3,2.3,4.5,4.0,8.0,5.0,2.0,3.0,5.0,5.0,1.5,9.0,5.0,5.0,5.5
79,LIBYA,Middle East and North Africa,0.0,Peu Heureux,5.41,9.622,6747.63894519799,-0.3534922570039459,0.827,62.3,0.771,-0.087,0.667,0.29600000000000026,1.1100000381469728,1.2195,0.551,-2.01988735896635,2500000.0,13.4,,0.3,0.104,0.625,7.3,,2.0,2.0,3.0,1.0,2.0,2.0,7.0,1.0,2.0,9.0,3.0,3.0,1.0,3.0,1.0,2.0,2.0,3.0,4.0,3.0,4.0,3.7,1.0,3.0,2.3,3.0,2.0,1.0,4.0,2.8,3.0,2.5,3.0,5.0,1.3,3.0,2.0,1.0,3.0,2.0,2.0,2.7,9.0,1.5
80,MALAYSIA,Southeast Asia,1.0,Peu Heureux,5.384,10.238,10631.5076637003,0.3127561471103807,0.817,67.102,0.895,0.125,0.839,0.19100000000000072,0.8600000381469727,1.0892000000000002,0.692,0.110251177800172,6000000.0,13.7,17.46202612,0.21,0.696,0.52,10.2,41.1,7.0,6.0,5.0,9.0,6.0,6.0,6.0,6.0,5.0,5.0,6.0,7.0,5.0,7.0,6.0,5.0,6.0,6.0,6.0,5.0,5.0,8.0,9.0,6.0,7.5,6.0,5.0,7.0,6.0,5.5,5.3,8.0,6.0,9.0,6.7,5.0,5.0,7.0,7.0,5.0,8.0,,4.0,6.5
81,INDONESIA,Southeast Asia,2.0,Peu Heureux,5.345,9.365,3757.12164054218,0.4174725884800784,0.811,62.236,0.873,0.542,0.867,0.21899999999999942,2.3000000000000003,1.0542,0.712,-0.121700755713414,16799999.237060547,12.8,10.33303626,0.28,0.697,0.765,8.0,,4.0,5.0,6.0,7.0,6.0,7.0,6.0,6.0,6.0,5.0,6.0,5.0,6.0,7.0,5.0,3.0,5.0,8.0,6.0,5.0,7.0,7.7,7.0,5.0,6.8,6.0,7.0,6.0,6.0,6.5,6.8,6.0,5.0,8.0,5.0,8.0,7.0,6.0,5.0,6.5,7.0,6.0,6.0,5.5
82,CONGO (BRAZZAVILLE),Sub-Saharan Africa,,Peu Heureux,5.342,8.117,2313.79338827553,0.43101985528881875,0.636,58.221,0.695,-0.068,0.745,0.38200000000000056,,,,,,,,,,,,,2.0,2.0,3.0,4.0,2.0,2.0,7.0,2.0,2.0,8.0,3.0,2.0,2.0,4.0,3.0,2.0,2.0,2.0,3.0,3.0,3.0,4.7,6.0,10.0,3.0,3.0,2.0,3.0,2.0,2.5,3.0,3.0,3.0,6.0,2.7,2.0,3.0,3.0,3.0,2.0,6.0,3.0,7.0,2.5
83,CHINA,East Asia,0.0,Peu Heureux,5.339,9.673,10358.2594478753,0.9812619331390712,0.811,69.593,0.904,-0.146,0.755,0.11600000000000055,0.7300000190734863,0.3477,0.044,-1.19895127914242,,13.8,7.797640395,0.19,0.236,0.074,7.8,,5.0,1.0,2.0,8.0,2.0,3.0,9.0,5.0,1.0,5.0,7.0,8.0,2.0,8.0,6.0,6.0,6.0,1.0,2.0,2.0,2.0,6.3,9.0,10.0,6.8,1.0,1.0,6.0,5.0,1.8,2.7,6.0,5.0,5.0,5.7,1.0,5.0,5.0,5.0,1.0,8.0,5.0,6.0,5.5
84,IVORY COAST,Sub-Saharan Africa,,Peu Heureux,5.306,8.551,1639.23743525306,-0.3630959381877387,0.644,50.114,0.741,-0.016,0.794,0.30799999999999983,,,,,,,,,,,,,4.0,5.0,8.0,6.0,5.0,4.0,8.0,4.0,6.0,5.0,6.0,3.0,7.0,8.0,6.0,3.0,4.0,6.0,7.0,3.0,4.0,8.0,8.0,9.0,5.8,6.0,6.0,5.0,6.0,7.0,5.0,7.0,3.0,8.0,5.0,4.0,4.0,4.0,2.0,6.0,6.0,6.0,6.0,4.0
85,ARMENIA,Commonwealth of Independent States,2.0,Peu Heureux,5.283,9.487,4021.0462641001,0.43408880356498303,0.799,67.055,0.825,-0.168,0.629,0.2290000000000001,1.0899999618530274,0.3142,0.882,0.862601809066682,400000.0059604645,13.0,24.19773908,0.23,0.884,0.837,11.7,29.9,5.0,6.0,9.0,7.0,7.0,7.0,4.0,6.0,7.0,3.0,8.0,5.0,6.0,7.0,5.0,5.0,6.0,9.0,9.0,5.0,7.0,6.7,9.0,9.0,6.5,5.0,6.0,5.0,6.0,8.3,6.0,7.5,6.0,6.0,5.0,6.0,6.0,6.0,5.0,6.5,10.0,6.0,6.0,6.0
86,NEPAL,South Asia,2.0,Peu Heureux,5.269,8.12,1025.50911243226,0.43782820545167056,0.774,64.233,0.782,0.152,0.727,0.274,2.8200000762939457,1.2645,0.852,0.499583336127391,10399999.618530272,12.2,7.885972902,0.28,0.731,0.766,4.9,32.8,3.0,6.0,7.0,4.0,5.0,4.0,7.0,5.0,7.0,6.0,6.0,3.0,5.0,6.0,4.0,4.0,4.0,8.0,8.0,6.0,5.0,6.0,7.0,6.0,5.5,5.0,6.0,4.0,4.0,7.0,5.0,5.0,4.0,7.0,3.7,5.0,4.0,2.0,3.0,6.5,6.0,3.7,9.0,3.0
87,BULGARIA,Central and Eastern Europe,2.0,Peu Heureux,5.266,10.016,7920.91133027298,0.290263370776682,0.931,67.0,0.788,-0.096,0.932,0.2110000000000003,0.6099999904632569,-0.6844,0.85,1.28519982962895,899999.9761581421,14.8,23.25405966,0.21,0.853,0.774,11.8,41.3,7.0,7.0,10.0,9.0,7.0,7.0,4.0,7.0,9.0,4.0,9.0,6.0,8.0,9.0,7.0,7.0,7.0,8.0,6.0,8.0,8.0,8.7,10.0,9.0,8.5,6.0,7.0,7.0,6.0,8.0,7.0,8.5,7.0,9.0,7.0,8.0,7.0,7.0,6.0,8.0,9.0,6.0,4.0,7.0
88,MALDIVES,South Asia,2.0,Peu Heureux,5.198,9.826,6660.83329856059,0.017835033701023614,0.913,70.6,0.854,0.024,0.825,0.28200000000000003,0.65,0.9882,0.745,0.743852798467317,,12.6,2.62214971,0.25,0.693,0.826,6.3,31.3,,,,,,,,,,,,,,,,,,,,,,,,,,,,,,,,,,,,,,,,,,,,
89,AZERBAIJAN,Commonwealth of Independent States,1.0,Peu Heureux,5.171,9.569,5083.3816401988,0.024059253093772152,0.836,65.656,0.814,-0.223,0.506,0.1589999999999998,1.9399999618530277,0.7954,0.3,-0.111712252362542,899999.9761581421,12.7,,0.21,0.392,0.153,10.7,26.6,3.0,3.0,3.0,7.0,3.0,2.0,8.0,5.0,2.0,4.0,4.0,4.0,2.0,5.0,4.0,4.0,6.0,2.0,2.0,3.0,3.0,5.7,5.0,9.0,4.8,2.0,2.0,4.0,5.0,2.3,2.7,4.5,4.0,7.0,3.7,2.0,3.0,5.0,5.0,2.0,8.0,5.0,6.0,5.5
90,CAMEROON,Sub-Saharan Africa,1.0,Peu Heureux,5.142,8.189,1419.67671120992,0.14772262453941515,0.71,53.515,0.731,0.026,0.848,0.2919999999999998,7.219999694824219,2.5256000000000003,0.515,-1.76406327878932,14399999.618530272,12.2,6.442970183,0.24,0.5,0.586,6.3,46.6,3.0,3.0,4.0,5.0,3.0,4.0,7.0,3.0,2.0,8.0,4.0,4.0,2.0,5.0,3.0,4.0,5.0,3.0,2.0,3.0,4.0,5.3,6.0,7.0,4.8,4.0,2.0,4.0,3.0,2.8,4.0,3.5,4.0,5.0,3.3,3.0,4.0,4.0,3.0,2.0,5.0,3.3,6.0,4.5
91,SENEGAL,Sub-Saharan Africa,2.0,Peu Heureux,5.132,8.118,1365.25156343358,0.22642385241929877,0.71,59.802,0.695,-0.046,0.801,0.2679999999999998,3.8099998474121097,2.7552000000000003,0.781,1.12430328443868,6699999.809265137,9.7,,0.24,0.891,0.928,3.0,40.3,5.0,9.0,8.0,6.0,6.0,7.0,5.0,8.0,9.0,4.0,9.0,3.0,8.0,9.0,6.0,5.0,5.0,7.0,7.0,6.0,5.0,8.7,7.0,6.0,5.5,4.0,7.0,7.0,6.0,7.5,6.3,7.0,6.0,9.0,6.0,6.0,7.0,4.0,2.0,8.0,9.0,6.7,7.0,4.5
92,ALBANIA,Central and Eastern Europe,1.0,Peu Heureux,5.117,9.52,4410.45516523171,0.35077313298114127,0.697,68.999,0.785,-0.03,0.901,0.23299999999999965,0.9800000190734864,0.2833,0.8,1.1309208649033,1000000.0,14.8,,0.29,0.9,0.646,10.0,33.2,5.0,7.0,10.0,7.0,8.0,7.0,7.0,6.0,8.0,3.0,8.0,4.0,7.0,7.0,6.0,5.0,7.0,7.0,7.0,5.0,6.0,7.7,10.0,10.0,8.3,6.0,6.0,6.0,6.0,7.8,6.5,6.5,4.0,9.0,5.7,5.0,6.0,7.0,6.0,7.0,9.0,7.0,6.0,7.0
93,NORTH MACEDONIA,Central and Eastern Europe,2.0,Peu Heureux,5.101,9.693,5067.21360634667,0.21822851891320375,0.805,65.474,0.751,0.038,0.905,0.20099999999999962,0.5900000095367431,-0.0011,0.808,1.48501259759024,400000.0059604645,13.3,13.28316466,0.25,0.781,0.744,9.6,33.0,,,,,,,,,,,,,,,,,,,,,,,,,,,,,,,,,,,,,,,,,,,,
94,GHANA,Sub-Saharan Africa,2.0,Peu Heureux,5.088,8.58,2020.62427213167,0.468962857621915,0.727,57.586,0.807,0.123,0.848,0.2610000000000001,4.470000076293945,2.1142,0.911,0.380436521687159,15300000.190734863,11.6,6.687788132,0.3,0.877,0.833,7.1,43.5,5.0,9.0,9.0,6.0,7.0,7.0,4.0,7.0,8.0,4.0,8.0,5.0,9.0,8.0,5.0,4.0,6.0,8.0,8.0,8.0,8.0,8.3,8.0,7.0,6.5,8.0,9.0,8.0,6.0,8.5,7.8,6.5,5.0,8.0,6.0,8.0,7.0,4.0,4.0,8.5,9.0,6.0,6.0,5.0
95,NIGER,Sub-Saharan Africa,2.0,Peu Heureux,5.074,7.098,522.555583132809,0.1506547809084166,0.641,53.78,0.806,0.018,0.693,0.3979999999999997,7.75,3.7188,0.789,-0.867350025224494,,5.4,1.957063101,0.41,0.803,0.793,2.0,34.3,3.0,7.0,6.0,3.0,6.0,3.0,7.0,7.0,7.0,5.0,7.0,1.0,7.0,6.0,4.0,3.0,3.0,7.0,7.0,5.0,5.0,7.7,7.0,5.0,5.0,7.0,6.0,7.0,4.0,6.8,6.0,4.5,4.0,9.0,4.7,7.0,5.0,3.0,1.0,6.5,8.0,4.0,9.0,3.0
96,TURKMENISTAN,Commonwealth of Independent States,1.0,Peu Heureux,5.066,9.629,,,0.983,62.409,0.877,0.273,0.888,0.13999999999999968,4.179999923706055,1.463,0.056,-0.579705501256027,,10.8,15.81723058,0.24,0.118,0.041,9.8,40.8,2.0,1.0,1.0,6.0,1.0,1.0,10.0,4.0,1.0,3.0,1.0,3.0,1.0,3.0,2.0,3.0,3.0,1.0,1.0,2.0,2.0,3.7,10.0,9.0,1.8,2.0,1.0,2.0,2.0,1.0,2.0,2.5,2.0,5.0,2.0,2.0,2.0,4.0,2.0,1.0,7.0,2.7,5.0,3.5
97,GAMBIA,Sub-Saharan Africa,1.0,Peu Heureux,5.051,7.686,692.749167007907,-0.055931605789323185,0.69,55.16,0.697,0.424,0.746,0.34799999999999986,4.940000152587891,2.971,0.711,1.57251383329417,1299999.9523162842,9.2,,0.3,0.9,0.725,3.5,35.9,4.0,9.0,7.0,6.0,6.0,5.0,6.0,7.0,8.0,4.0,9.0,3.0,7.0,7.0,5.0,4.0,5.0,7.0,7.0,6.0,6.0,7.3,9.0,8.0,5.5,5.0,7.0,6.0,5.0,7.0,6.3,6.5,4.0,8.0,5.0,6.0,7.0,4.0,2.0,7.5,10.0,6.0,9.0,4.5
98,BENIN,Sub-Saharan Africa,1.0,Peu Heureux,5.045,8.087,1214.65958680899,0.2752588047128482,0.489,54.713,0.757,-0.034,0.661,0.28800000000000026,8.59000015258789,2.6666000000000003,0.52,0.940687208792805,,12.6,3.47802277,0.28,0.872,0.678,3.6,47.8,5.0,9.0,8.0,6.0,8.0,6.0,3.0,8.0,10.0,2.0,8.0,4.0,9.0,7.0,5.0,5.0,4.0,9.0,7.0,6.0,8.0,7.7,9.0,9.0,5.8,4.0,8.0,6.0,7.0,8.3,6.8,6.5,5.0,8.0,5.3,7.0,6.0,3.0,2.0,9.0,9.0,6.3,8.0,3.5
99,LAOS,Southeast Asia,0.0,Malheureux,5.03,8.947,31327.4094002797,0.2826476801320344,0.728,58.968,0.91,0.123,0.658,0.17799999999999994,4.409999847412109,1.5913000000000002,0.047,1.17005250198194,2099999.9046325684,11.2,13.06925223,0.23,0.195,0.043,5.2,38.8,4.0,6.0,7.0,7.0,6.0,6.0,6.0,5.0,7.0,4.0,7.0,4.0,6.0,6.0,4.0,3.0,5.0,6.0,6.0,4.0,5.0,6.3,9.0,9.0,6.5,4.0,5.0,5.0,5.0,6.3,5.0,7.0,5.0,7.0,4.3,5.0,5.0,5.0,4.0,6.0,8.0,4.3,7.0,5.0
100,BANGLADESH,South Asia,1.0,Malheureux,5.025,8.454,1619.77588572519,0.7631182026075816,0.693,64.8,0.877,-0.041,0.682,0.18100000000000005,2.910000038146973,1.17,0.486,-1.21923347184455,52000000.0,11.4,14.70523242,0.25,0.375,0.409,5.8,32.4,3.0,4.0,4.0,6.0,4.0,5.0,6.0,4.0,3.0,7.0,6.0,4.0,2.0,7.0,3.0,6.0,4.0,4.0,3.0,4.0,5.0,7.0,7.0,6.0,5.8,6.0,3.0,5.0,3.0,3.3,5.3,6.5,3.0,7.0,3.7,3.0,5.0,4.0,4.0,3.0,9.0,4.0,7.0,4.0
101,GUINEA,Sub-Saharan Africa,0.0,Malheureux,4.984,7.838,962.116324219918,0.4006037784343739,0.639,55.008,0.697,0.095,0.766,0.3520000000000003,9.55999984741211,2.7301,0.42,0.0106962907088557,9500000.0,9.1,4.744937307,0.34,0.256,0.643,2.6,33.7,5.0,7.0,6.0,5.0,5.0,6.0,6.0,5.0,5.0,6.0,6.0,2.0,7.0,7.0,6.0,4.0,5.0,6.0,5.0,5.0,6.0,7.3,8.0,9.0,5.0,6.0,5.0,7.0,6.0,6.0,6.3,6.0,4.0,8.0,6.0,5.0,6.0,4.0,1.0,5.0,9.0,6.3,8.0,4.5
102,SOUTH AFRICA,Sub-Saharan Africa,2.0,Malheureux,4.956,9.403,5659.20694886571,-0.036178901297845636,0.86,56.904,0.749,-0.067,0.86,0.23499999999999943,3.2200000762939456,1.0082000000000002,0.887,-0.515281449289904,26299999.237060547,13.3,11.35948842,0.27,0.849,0.873,10.1,63.0,7.0,9.0,8.0,7.0,7.0,6.0,3.0,7.0,8.0,4.0,8.0,5.0,7.0,9.0,5.0,7.0,6.0,8.0,8.0,9.0,8.0,8.7,8.0,9.0,8.0,7.0,,7.0,6.0,7.8,6.8,7.0,6.0,9.0,6.3,7.0,6.0,6.0,4.0,7.5,8.0,6.3,6.0,6.0
103,TURKEY,Middle East and North Africa,1.0,Malheureux,4.948,10.24,,,0.822,67.199,0.576,-0.139,0.776,0.18100000000000005,0.95,0.9745,0.533,-1.72284393090023,,15.2,10.83548411,0.23,0.251,0.19,8.0,41.9,4.0,3.0,4.0,7.0,3.0,2.0,6.0,2.0,3.0,7.0,5.0,5.0,10.0,7.0,5.0,4.0,6.0,6.0,3.0,3.0,5.0,5.7,8.0,5.0,7.8,6.0,3.0,6.0,5.0,5.8,5.3,6.5,5.0,5.0,5.0,3.0,5.0,7.0,5.0,3.0,8.0,4.7,5.0,6.5
104,PAKISTAN,South Asia,1.0,Malheureux,4.934,8.458,1449.1171795916,0.21651279865469492,0.651,58.709,0.726,0.098,0.787,0.26400000000000023,6.519999694824219,2.0079,0.605,-0.944714623411632,,8.6,8.931863798,0.27,0.298,0.595,5.2,31.6,2.0,4.0,4.0,5.0,3.0,4.0,6.0,3.0,3.0,8.0,5.0,3.0,3.0,5.0,4.0,3.0,3.0,6.0,3.0,3.0,4.0,4.0,5.0,3.0,5.3,4.0,3.0,3.0,4.0,4.0,4.0,5.5,3.0,4.0,3.0,4.0,4.0,3.0,3.0,3.0,5.0,4.0,8.0,3.0
105,MOROCCO,Middle East and North Africa,0.0,Malheureux,4.918,8.903,2818.77172851563,0.1801508141604426,0.56,66.208,0.774,-0.236,0.801,0.23599999999999977,1.8700000762939453,1.2653,0.543,0.938034082961366,10199999.809265137,12.4,9.988914649,0.33,0.7,0.608,5.5,39.5,3.0,3.0,3.0,6.0,5.0,3.0,5.0,5.0,2.0,4.0,5.0,5.0,2.0,7.0,4.0,6.0,4.0,3.0,3.0,2.0,4.0,6.7,8.0,6.0,6.0,3.0,2.0,4.0,4.0,2.8,3.7,7.0,4.0,6.0,3.7,2.0,4.0,4.0,3.0,2.0,7.0,4.7,7.0,4.0
106,VENEZUELA,Latin America and Caribbean,1.0,Malheureux,4.892,9.073,1144.41667125706,-0.5972825071075224,0.861,66.7,0.615,-0.169,0.827,0.25,2.4200000762939453,0.9799,0.31,-1.70603999834222,,14.3,,0.24,0.333,0.268,10.3,,1.0,1.0,3.0,3.0,2.0,1.0,5.0,1.0,2.0,8.0,3.0,3.0,2.0,2.0,1.0,2.0,5.0,2.0,3.0,2.0,3.0,2.0,4.0,10.0,2.8,3.0,2.0,2.0,1.0,2.5,2.7,3.0,1.0,2.0,1.3,2.0,2.0,3.0,3.0,2.0,9.0,1.0,5.0,4.0
107,GEORGIA,Commonwealth of Independent States,2.0,Malheureux,4.891,9.585,4447.664250894,0.5890049006932071,0.671,64.3,0.783,-0.238,0.655,0.21300000000000008,0.9300000190734864,-0.0083,0.905,0.940576183870993,1600000.023841858,15.0,,0.29,0.874,0.866,12.8,35.9,7.0,8.0,9.0,7.0,7.0,6.0,6.0,6.0,8.0,5.0,7.0,6.0,8.0,8.0,6.0,5.0,5.0,8.0,8.0,6.0,5.0,7.3,5.0,8.0,7.3,5.0,6.0,7.0,6.0,8.3,5.0,6.5,6.0,7.0,6.7,6.0,4.0,6.0,5.0,7.0,6.0,6.0,7.0,5.5
108,ALGERIA,Middle East and North Africa,1.0,Malheureux,4.887,9.342,3834.43898326376,-0.0012335134964745421,0.802,66.005,0.48,-0.067,0.752,0.2079999999999993,2.2700000762939454,1.7192999999999998,0.304,0.471531307417773,7599999.904632568,14.4,,0.29,0.526,0.517,8.0,27.6,5.0,4.0,5.0,8.0,5.0,5.0,5.0,6.0,2.0,6.0,5.0,4.0,2.0,5.0,4.0,6.0,5.0,5.0,5.0,4.0,6.0,5.3,8.0,6.0,4.0,4.0,3.0,5.0,4.0,4.3,5.0,5.0,4.0,6.0,4.7,4.0,5.0,6.0,5.0,2.5,8.0,4.3,7.0,5.5
109,UKRAINE,Commonwealth of Independent States,2.0,Malheureux,4.875,9.436,2350.39990234375,0.059090766725624695,0.888,64.902,0.724,-0.011,0.924,0.20400000000000063,0.8100000381469727,-0.6322000000000001,0.693,-0.76805190110588,,15.0,20.23216039,0.23,0.71,0.715,11.3,26.6,5.0,7.0,9.0,8.0,7.0,7.0,4.0,3.0,8.0,9.0,7.0,6.0,6.0,7.0,6.0,5.0,7.0,8.0,7.0,6.0,6.0,6.7,5.0,9.0,7.0,4.0,7.0,7.0,7.0,7.5,5.8,7.0,5.0,7.0,6.0,7.0,7.0,6.0,6.0,7.5,8.0,6.3,7.0,6.5
110,IRAQ,Middle East and North Africa,1.0,Malheureux,4.854,9.24,4448.18365610689,0.1020945747871543,0.746,60.583,0.63,-0.053,0.875,0.23199999999999932,2.5200000762939454,2.3120000000000003,0.588,-1.7376583395143,,11.0,,0.4,0.322,0.625,6.8,29.5,4.0,5.0,7.0,4.0,3.0,5.0,8.0,6.0,3.0,9.0,6.0,3.0,5.0,7.0,3.0,2.0,3.0,6.0,3.0,4.0,3.0,7.0,5.0,4.0,4.3,4.0,3.0,6.0,5.0,5.3,3.3,4.0,3.0,8.0,4.3,5.0,3.0,4.0,3.0,3.0,5.0,4.3,9.0,3.5
111,GABON,Sub-Saharan Africa,1.0,Malheureux,4.852,9.603,6818.49683740627,-0.015105124961209027,0.776,59.962,0.731,-0.2,0.84,0.2919999999999998,4.170000076293945,2.2983,0.659,0.695092872752856,,12.8,9.895424025,0.31,0.863,0.751,8.2,38.0,4.0,3.0,4.0,6.0,5.0,3.0,5.0,8.0,2.0,2.0,6.0,4.0,3.0,7.0,4.0,7.0,5.0,4.0,4.0,3.0,5.0,7.3,9.0,10.0,5.0,4.0,3.0,7.0,5.0,3.8,5.0,5.0,4.0,7.0,5.0,3.0,6.0,4.0,4.0,2.5,9.0,5.0,5.0,4.5
112,BURKINA FASO,Sub-Saharan Africa,2.0,Malheureux,4.834,7.678,731.522070723226,0.30566686646562036,0.672,54.151,0.695,-0.009,0.748,0.3180000000000005,8.5,2.9031,0.864,-1.91071526419644,9699999.809265137,8.5,2.900565247,0.4,0.741,0.842,1.5,35.3,4.0,5.0,6.0,6.0,5.0,6.0,4.0,5.0,6.0,7.0,6.0,2.0,7.0,8.0,3.0,4.0,3.0,7.0,7.0,4.0,7.0,8.0,5.0,8.0,5.5,5.0,6.0,5.0,5.0,6.8,6.8,5.5,4.0,8.0,4.0,4.0,7.0,3.0,1.0,6.0,10.0,5.0,9.0,3.0
113,CAMBODIA,Southeast Asia,1.0,Malheureux,4.83,8.36,1377.14508617221,0.5690808952454365,0.765,62.0,0.959,0.034,0.843,0.2649999999999997,2.5700000762939457,1.5079000000000002,0.193,0.0175107153889472,7400000.095367432,11.7,1.961849432,0.24,0.265,0.184,4.8,,1.0,1.0,2.0,5.0,2.0,2.0,9.0,3.0,2.0,5.0,3.0,3.0,1.0,4.0,3.0,2.0,3.0,2.0,2.0,2.0,2.0,5.3,9.0,10.0,4.5,2.0,2.0,4.0,3.0,1.8,2.7,4.0,2.0,7.0,2.7,2.0,4.0,3.0,4.0,2.0,8.0,3.0,8.0,3.0
114,MOZAMBIQUE,Sub-Saharan Africa,1.0,Malheureux,4.794,7.158,574.595549385651,0.1894604535316807,0.744,54.706,0.882,0.061,0.684,0.40500000000000025,7.05999984741211,2.8686000000000003,0.725,0.165233248872373,21600000.381469727,9.7,1.081157169,0.29,0.533,0.637,3.5,54.0,3.0,4.0,4.0,5.0,3.0,5.0,7.0,5.0,3.0,5.0,6.0,3.0,5.0,5.0,3.0,5.0,4.0,6.0,4.0,3.0,3.0,5.7,5.0,9.0,4.5,6.0,3.0,4.0,4.0,4.8,4.7,6.0,3.0,9.0,3.3,3.0,5.0,3.0,1.0,3.0,9.0,4.7,8.0,3.5
115,NIGERIA,Sub-Saharan Africa,1.0,Malheureux,4.759,8.533,2396.03646223194,0.007477928451117392,0.74,50.102,0.737,0.037,0.878,0.2029999999999994,11.380000305175782,2.5369,0.764,-1.6598724212167,116000000.0,10.0,12.2331563,0.39,0.695,0.801,6.2,35.1,4.0,6.0,7.0,4.0,4.0,4.0,6.0,3.0,6.0,9.0,6.0,3.0,7.0,6.0,3.0,3.0,4.0,7.0,6.0,7.0,4.0,6.0,4.0,5.0,5.0,4.0,5.0,3.0,4.0,6.8,4.5,5.0,4.0,6.0,3.3,6.0,4.0,4.0,2.0,5.5,8.0,3.3,8.0,4.0
116,MALI,Sub-Saharan Africa,0.0,Malheureux,4.723,7.744,781.731457429873,0.0694797432580917,0.724,51.969,0.697,-0.036,0.827,0.3210000000000006,9.1,3.1170000000000004,0.719,-1.76613724779491,,7.7,2.817498674,0.39,0.615,0.785,2.3,33.0,4.0,6.0,7.0,5.0,6.0,5.0,4.0,4.0,6.0,7.0,6.0,3.0,7.0,7.0,4.0,3.0,4.0,7.0,6.0,4.0,7.0,7.0,4.0,6.0,5.3,4.0,6.0,5.0,6.0,6.8,6.3,5.5,4.0,8.0,4.3,4.0,7.0,4.0,1.0,6.0,7.0,5.3,8.0,4.0
117,IRAN,Middle East and North Africa,1.0,Malheureux,4.721,9.584,5333.0467792908,,0.71,66.3,0.608,0.218,0.714,0.2140000000000004,1.2899999618530271,1.2549,0.104,-1.72644547170489,35200000.76293945,14.9,13.6287076,0.27,0.367,0.272,9.8,42.0,1.0,2.0,2.0,6.0,2.0,1.0,7.0,2.0,2.0,5.0,2.0,4.0,2.0,2.0,3.0,2.0,2.0,3.0,2.0,2.0,2.0,1.7,7.0,1.0,2.0,2.0,2.0,2.0,3.0,2.3,2.7,3.0,2.0,2.0,2.0,3.0,4.0,4.0,3.0,2.0,7.0,2.7,7.0,3.0
118,UGANDA,Sub-Saharan Africa,1.0,Malheureux,4.636,7.677,891.295903892866,0.1649609695235131,0.781,56.101,0.709,0.122,0.855,0.2869999999999999,4.329999923706055,2.9893,0.433,-0.395889199732316,30600000.381469727,11.6,7.253447436,0.32,0.385,0.57,6.1,42.8,4.0,4.0,4.0,6.0,6.0,6.0,5.0,5.0,3.0,6.0,7.0,5.0,3.0,7.0,3.0,5.0,6.0,5.0,5.0,7.0,7.0,7.3,7.0,7.0,6.3,6.0,3.0,7.0,5.0,4.3,6.3,7.0,4.0,8.0,4.7,4.0,6.0,4.0,3.0,3.0,8.0,5.0,7.0,5.0
119,LIBERIA,Sub-Saharan Africa,2.0,Malheureux,4.625,7.288,616.005385821789,-0.03555708644458541,0.72,56.498,0.735,0.05,0.85,0.41600000000000037,7.830000305175782,2.4882,0.872,0.777204972809516,4000000.0,10.0,,0.41,0.814,0.858,4.7,35.3,4.0,7.0,7.0,5.0,6.0,6.0,7.0,7.0,8.0,4.0,7.0,3.0,7.0,7.0,4.0,5.0,4.0,8.0,7.0,5.0,5.0,7.0,9.0,9.0,5.0,5.0,6.0,5.0,4.0,7.3,5.5,7.0,5.0,7.0,4.3,6.0,5.0,3.0,1.0,7.0,8.0,5.0,10.0,3.5
120,KENYA,Sub-Saharan Africa,1.0,Malheureux,4.607,8.361,1563.17870213378,0.23913348892060232,0.688,60.704,0.779,0.287,0.825,0.2809999999999997,4.190000152587891,2.2323,0.727,-1.37614292511682,36000000.0,12.1,10.47628028,0.28,0.723,0.854,6.5,40.8,4.0,5.0,5.0,6.0,5.0,4.0,4.0,5.0,3.0,6.0,7.0,5.0,3.0,7.0,5.0,4.0,5.0,5.0,5.0,7.0,5.0,6.7,5.0,7.0,6.3,4.0,3.0,4.0,5.0,4.5,5.0,6.0,4.0,7.0,4.3,6.0,6.0,5.0,3.0,3.0,7.0,5.0,7.0,5.0
121,TUNISIA,Middle East and North Africa,,Malheureux,4.596,9.266,3800.23194276798,-0.016756308763849467,0.691,67.201,0.656,-0.201,0.87,0.22499999999999964,1.6600000381469728,0.985,0.858,0.189081594205633,2900000.095367432,15.1,,0.31,0.822,0.86,7.2,32.8,4.0,6.0,7.0,7.0,6.0,7.0,6.0,6.0,7.0,5.0,7.0,6.0,8.0,6.0,5.0,6.0,7.0,9.0,6.0,6.0,7.0,7.7,8.0,7.0,6.0,5.0,6.0,6.0,6.0,7.5,5.5,6.5,4.0,9.0,5.0,6.0,5.0,6.0,5.0,6.5,9.0,5.3,6.0,6.5
122,LEBANON,Middle East and North Africa,1.0,Malheureux,4.584,9.626,5072.45575306519,-0.4979068749971664,0.848,67.355,0.525,-0.073,0.898,0.21399999999999952,0.7000000000000001,1.2246,0.735,0.0418033093154308,,12.5,,0.31,0.619,0.736,8.7,31.8,2.0,3.0,8.0,4.0,6.0,5.0,3.0,3.0,5.0,6.0,6.0,5.0,4.0,6.0,3.0,2.0,5.0,6.0,6.0,5.0,6.0,6.3,5.0,6.0,7.0,5.0,5.0,4.0,5.0,6.0,5.3,8.0,3.0,6.0,3.0,5.0,5.0,4.0,4.0,5.0,7.0,4.3,8.0,4.5
123,NAMIBIA,Sub-Saharan Africa,2.0,Malheureux,4.574,9.161,4074.51115067956,-0.01173260804940142,0.818,56.799,0.719,-0.149,0.847,0.2519999999999998,4.020000076293946,1.9596,0.841,2.1644365231684,1399999.976158142,12.3,4.679537466,0.33,0.886,0.848,6.8,59.1,5.0,9.0,8.0,6.0,7.0,5.0,4.0,6.0,8.0,4.0,8.0,4.0,9.0,7.0,4.0,5.0,6.0,9.0,8.0,9.0,7.0,7.3,10.0,9.0,7.5,7.0,7.0,5.0,4.0,8.5,6.5,6.5,5.0,8.0,4.7,6.0,5.0,6.0,3.0,7.5,8.0,5.0,6.0,6.0
124,PALESTINIAN TERRITORIES,Middle East and North Africa,,Malheureux,4.517,8.485,,,0.826,62.25,0.653,-0.163,0.821,0.2649999999999997,,,,,,,,,,,,,,,,,,,,,,,,,,,,,,,,,,,,,,,,,,,,,,,,,,,,,,,,
125,MYANMAR,Southeast Asia,0.0,Malheureux,4.426,8.541,1586.90228794315,0.4316153757670229,0.779,59.302,0.876,0.509,0.66,0.2030000000000003,4.3700000762939455,0.8752000000000001,0.237,-2.08896892910469,12000000.0,10.0,8.546264761,0.28,0.069,0.066,4.9,30.7,3.0,3.0,4.0,3.0,2.0,4.0,8.0,3.0,3.0,9.0,4.0,3.0,3.0,6.0,3.0,3.0,2.0,7.0,4.0,3.0,3.0,5.0,4.0,5.0,3.3,3.0,2.0,3.0,4.0,4.5,3.0,2.5,2.0,5.0,3.0,4.0,3.0,3.0,2.0,2.5,3.0,3.3,9.0,2.5
126,JORDAN,Middle East and North Africa,0.0,Malheureux,4.395,9.182,4028.96300716262,-0.11898687109854184,0.767,67.0,0.755,-0.167,0.705,0.24300000000000033,1.5,1.6898,0.506,0.550032469297029,,13.1,2.261703838,0.28,0.764,0.548,10.4,33.7,5.0,4.0,5.0,6.0,5.0,4.0,6.0,5.0,3.0,5.0,6.0,6.0,2.0,8.0,5.0,5.0,5.0,5.0,4.0,5.0,5.0,8.0,8.0,6.0,7.3,3.0,2.0,5.0,4.0,4.0,4.3,7.5,4.0,8.0,5.0,3.0,5.0,6.0,4.0,2.5,6.0,4.3,7.0,5.5
127,CHAD,Sub-Saharan Africa,0.0,Malheureux,4.355,7.364,630.56913131474,-0.16441765787421322,0.619,48.478,0.579,0.041,0.807,0.3689999999999998,11.0,2.9132,0.274,-0.179154833071607,,8.0,1.550050732,0.4,0.275,0.517,2.3,43.3,2.0,2.0,3.0,2.0,2.0,2.0,9.0,3.0,1.0,6.0,2.0,2.0,2.0,3.0,2.0,3.0,2.0,3.0,3.0,1.0,3.0,4.3,7.0,7.0,4.0,2.0,2.0,2.0,1.0,2.8,2.7,3.5,3.0,6.0,2.0,1.0,3.0,3.0,1.0,1.5,8.0,1.7,9.0,2.5
128,SRI LANKA,South Asia,2.0,Malheureux,4.325,9.47,4053.72618291408,0.4089551267827899,0.827,67.299,0.841,0.079,0.863,0.258,0.6900000095367432,0.8013,0.726,0.420261213833926,,13.9,19.73211035,0.27,0.656,0.643,10.9,39.3,5.0,6.0,7.0,7.0,6.0,7.0,5.0,7.0,6.0,5.0,6.0,6.0,7.0,7.0,5.0,4.0,6.0,8.0,7.0,8.0,7.0,7.7,9.0,7.0,6.5,6.0,6.0,6.0,6.0,7.3,6.3,7.5,6.0,9.0,5.3,6.0,5.0,7.0,6.0,6.0,6.0,5.3,6.0,6.5
129,SWAZILAND,Sub-Saharan Africa,,Malheureux,4.308,9.065,,,0.77,50.833,0.647,-0.185,0.708,0.28000000000000025,,,,,,,,,,,,,3.0,1.0,3.0,6.0,3.0,2.0,5.0,4.0,3.0,4.0,4.0,3.0,1.0,4.0,2.0,3.0,3.0,1.0,2.0,4.0,4.0,5.0,10.0,6.0,5.0,1.0,2.0,3.0,3.0,1.8,3.7,3.0,1.0,7.0,2.7,2.0,6.0,3.0,2.0,2.5,8.0,3.3,7.0,3.0
130,COMOROS,Sub-Saharan Africa,1.0,Malheureux,4.289,8.031,1253.04454064659,0.03885980882036545,0.626,57.349,0.548,0.082,0.781,0.3309999999999995,6.129999923706055,2.3519,0.686,1.58349199834981,,11.2,5.74803557,0.26,0.5,0.661,4.8,45.3,,,,,,,,,,,,,,,,,,,,,,,,,,,,,,,,,,,,,,,,,,,,
131,EGYPT,Middle East and North Africa,1.0,Malheureux,4.283,9.367,4028.4209198079,0.17225080447266133,0.75,61.998,0.749,-0.182,0.795,0.17600000000000016,1.95,1.8749,0.149,-1.36261494633779,27899999.618530277,13.1,18.66071305,0.32,0.317,0.166,7.2,31.5,4.0,2.0,3.0,6.0,2.0,3.0,5.0,3.0,2.0,7.0,3.0,4.0,2.0,5.0,4.0,4.0,4.0,2.0,2.0,4.0,4.0,6.0,6.0,6.0,5.8,3.0,2.0,5.0,3.0,2.3,4.0,6.0,3.0,8.0,4.3,3.0,5.0,4.0,3.0,2.0,7.0,4.0,7.0,4.0
132,ETHIOPIA,Sub-Saharan Africa,1.0,Malheureux,4.275,7.694,826.973053177312,0.8795683949882813,0.764,59.0,0.752,0.082,0.761,0.19899999999999984,4.8700000762939455,2.4811,0.484,-1.74234384431779,63200000.76293945,8.5,2.069581091,0.32,0.519,0.373,2.7,35.0,4.0,4.0,5.0,6.0,2.0,4.0,7.0,5.0,3.0,6.0,4.0,5.0,3.0,8.0,4.0,3.0,3.0,4.0,3.0,4.0,2.0,7.3,8.0,8.0,4.0,4.0,3.0,4.0,5.0,3.8,3.0,3.5,4.0,7.0,4.0,3.0,3.0,3.0,1.0,3.0,6.0,5.0,8.0,3.0
133,MAURITANIA,Sub-Saharan Africa,1.0,Malheureux,4.227,8.542,1549.95882763218,0.08954980641885048,0.795,57.161,0.561,-0.106,0.731,0.27500000000000036,7.069999694824219,2.5492,0.504,0.316249943967695,1799999.9523162842,8.6,5.788585198,0.32,0.381,0.64,4.5,32.6,3.0,4.0,6.0,6.0,5.0,4.0,8.0,4.0,2.0,5.0,3.0,3.0,2.0,5.0,4.0,4.0,3.0,3.0,6.0,4.0,4.0,6.0,9.0,4.0,3.8,5.0,3.0,3.0,3.0,4.3,4.3,5.0,4.0,7.0,3.3,3.0,4.0,4.0,3.0,2.5,6.0,3.7,8.0,3.5
134,MADAGASCAR,Sub-Saharan Africa,1.0,Malheureux,4.208,7.396,442.169630545194,-0.0416890522527272,0.686,59.305,0.552,-0.005,0.803,0.2810000000000006,5.020000076293946,2.6154,0.848,-0.443165008323902,,10.6,3.835791736,0.28,0.609,0.674,6.1,42.6,4.0,5.0,5.0,5.0,5.0,5.0,7.0,6.0,7.0,5.0,7.0,3.0,7.0,8.0,4.0,5.0,4.0,7.0,4.0,4.0,5.0,7.3,6.0,8.0,5.3,4.0,5.0,4.0,6.0,5.8,4.3,6.0,4.0,7.0,4.0,4.0,4.0,3.0,2.0,6.0,8.0,5.7,8.0,3.5
135,TOGO,Sub-Saharan Africa,1.0,Malheureux,4.107,7.362,626.622055444436,0.33281663413154494,0.569,54.914,0.619,0.032,0.772,0.30200000000000005,6.440000152587891,2.3920000000000003,0.587,0.411821632331152,,12.4,2.73296596,0.32,0.708,0.608,4.8,43.1,3.0,5.0,4.0,6.0,5.0,5.0,5.0,4.0,3.0,5.0,6.0,4.0,3.0,7.0,5.0,4.0,4.0,5.0,5.0,4.0,6.0,7.3,8.0,9.0,5.0,4.0,3.0,5.0,5.0,4.3,5.3,5.0,3.0,8.0,4.3,4.0,6.0,3.0,2.0,3.0,8.0,5.0,7.0,3.5
136,ZAMBIA,Sub-Saharan Africa,1.0,Malheureux,4.073,8.145,1273.87955763706,0.055381961784904656,0.708,55.809,0.782,0.061,0.823,0.27099999999999946,6.140000152587891,2.9043000000000005,0.626,0.0347535182646651,9199999.809265137,12.5,7.280779623,0.36,0.649,0.692,7.0,57.1,3.0,5.0,4.0,6.0,5.0,3.0,6.0,5.0,6.0,4.0,6.0,4.0,8.0,5.0,4.0,3.0,5.0,6.0,4.0,4.0,5.0,6.0,9.0,8.0,6.0,4.0,6.0,4.0,5.0,5.5,5.3,5.5,4.0,7.0,3.7,4.0,6.0,3.0,3.0,6.0,8.0,5.3,7.0,4.0
137,SIERRA LEONE,Sub-Saharan Africa,2.0,Malheureux,3.849,7.434,623.88909267173,0.17565379673632506,0.63,51.651,0.717,0.084,0.866,0.3030000000000004,10.780000305175784,2.0738000000000003,0.802,0.594083526498671,6599999.904632568,9.8,,0.33,0.828,0.856,3.5,35.7,4.0,7.0,6.0,5.0,6.0,5.0,6.0,5.0,7.0,4.0,6.0,4.0,7.0,7.0,4.0,4.0,3.0,8.0,6.0,4.0,5.0,6.7,8.0,9.0,4.8,6.0,6.0,4.0,4.0,6.8,5.8,6.0,4.0,7.0,4.0,5.0,4.0,3.0,1.0,6.5,8.0,4.3,10.0,3.0
138,INDIA,South Asia,1.0,Malheureux,3.819,8.755,1817.81578185277,0.5762412398221359,0.603,60.633,0.893,0.089,0.774,0.10000000000000009,3.259999847412109,0.9893,0.614,-1.06355814134479,,12.3,9.445015386,0.29,0.702,0.598,6.4,,5.0,7.0,6.0,7.0,6.0,7.0,5.0,4.0,8.0,6.0,8.0,6.0,8.0,7.0,6.0,4.0,4.0,9.0,6.0,7.0,6.0,7.3,8.0,7.0,6.5,7.0,8.0,7.0,7.0,7.3,6.8,7.5,6.0,6.0,6.0,9.0,5.0,5.0,4.0,8.0,7.0,6.7,6.0,4.5
139,BURUNDI,Sub-Saharan Africa,1.0,Malheureux,3.775,6.635,270.657674408175,-0.14668798079912237,0.49,53.4,0.626,-0.024,0.607,0.41999999999999993,5.440000152587891,2.971,0.252,-1.6919717531426,,11.7,,0.28,0.208,0.139,3.0,38.6,2.0,3.0,2.0,6.0,2.0,2.0,8.0,2.0,2.0,7.0,4.0,3.0,3.0,5.0,3.0,3.0,3.0,3.0,3.0,3.0,4.0,3.7,7.0,8.0,3.5,4.0,2.0,4.0,4.0,2.8,4.0,4.0,2.0,3.0,3.0,3.0,4.0,3.0,1.0,2.0,8.0,4.0,10.0,3.0
140,YEMEN,Middle East and North Africa,0.0,Malheureux,3.658,7.578,,,0.832,57.122,0.602,-0.147,0.8,0.27300000000000013,5.95999984741211,2.2787,0.247,-2.01764941652686,,9.0,,0.41,0.057,0.141,3.0,36.7,2.0,1.0,2.0,2.0,1.0,2.0,7.0,1.0,1.0,10.0,2.0,2.0,1.0,1.0,1.0,2.0,2.0,1.0,1.0,2.0,2.0,2.3,1.0,3.0,1.8,2.0,1.0,1.0,1.0,1.3,2.0,2.5,1.0,4.0,1.3,1.0,2.0,1.0,1.0,1.0,2.0,1.0,10.0,1.5
141,TANZANIA,Sub-Saharan Africa,1.0,Malheureux,3.623,7.876,1061.17028808594,0.33008040285867307,0.702,57.999,0.833,0.183,0.577,0.27700000000000014,4.890000152587891,2.9624000000000006,0.611,-0.0845853620869395,32700000.762939453,8.9,1.514281555,0.38,0.733,0.607,5.8,40.5,5.0,3.0,5.0,6.0,4.0,3.0,7.0,5.0,6.0,4.0,5.0,4.0,8.0,7.0,4.0,4.0,4.0,6.0,5.0,7.0,5.0,6.0,9.0,8.0,5.0,6.0,6.0,4.0,4.0,6.0,5.5,5.5,5.0,6.0,4.3,4.0,5.0,4.0,3.0,6.0,8.0,5.0,7.0,4.0
142,HAITI,Latin America and Caribbean,1.0,Malheureux,3.615,7.477,1311.70813672834,-0.018672926064542798,0.54,55.7,0.593,0.422,0.721,0.677,6.050000000000001,1.4886,0.637,0.562651519594784,,9.3,4.932767557,0.41,0.426,0.709,5.3,41.1,2.0,5.0,7.0,2.0,3.0,4.0,8.0,4.0,3.0,6.0,5.0,2.0,4.0,4.0,3.0,3.0,3.0,6.0,7.0,3.0,3.0,4.7,5.0,9.0,3.8,3.0,3.0,2.0,3.0,6.0,3.3,4.5,2.0,6.0,2.3,4.0,4.0,3.0,1.0,3.0,7.0,2.7,9.0,3.0
143,MALAWI,Sub-Saharan Africa,2.0,Malheureux,3.6,6.958,394.003162068344,0.09816405390921416,0.537,57.948,0.78,0.038,0.729,0.3620000000000001,3.8599998474121096,2.7038,0.804,0.22044577814138,15199999.809265137,10.8,1.045858013,0.36,0.891,0.822,4.5,44.7,4.0,9.0,8.0,6.0,6.0,6.0,7.0,7.0,7.0,5.0,7.0,4.0,7.0,7.0,4.0,3.0,5.0,7.0,7.0,7.0,5.0,7.0,9.0,7.0,5.8,4.0,6.0,5.0,6.0,7.3,5.0,6.5,4.0,8.0,4.3,5.0,5.0,3.0,2.0,6.5,8.0,6.3,8.0,4.0
144,LESOTHO,Sub-Saharan Africa,2.0,Malheureux,3.512,7.926,1033.43213212091,0.040397389604922146,0.787,48.7,0.715,-0.131,0.915,0.4720000000000004,8.950000000000001,1.2047,0.847,0.594301777299378,1100000.023841858,10.6,,0.27,0.808,0.776,6.3,44.9,4.0,3.0,6.0,5.0,6.0,4.0,7.0,3.0,5.0,6.0,4.0,3.0,4.0,5.0,4.0,3.0,5.0,8.0,6.0,5.0,4.0,5.0,7.0,8.0,5.3,4.0,4.0,3.0,3.0,6.0,4.8,6.0,5.0,6.0,3.7,4.0,5.0,3.0,2.0,4.5,8.0,3.7,7.0,4.0
145,BOTSWANA,Sub-Saharan Africa,3.0,Malheureux,3.467,9.782,6304.86230239663,0.22075213503132884,0.784,59.269,0.824,-0.246,0.801,0.28900000000000015,4.479999923706055,1.7338000000000002,0.888,1.88864413818026,1200000.0476837158,12.6,,0.35,0.91,0.812,9.3,53.3,8.0,10.0,8.0,8.0,8.0,7.0,6.0,8.0,9.0,1.0,9.0,6.0,10.0,10.0,7.0,8.0,7.0,8.0,7.0,9.0,6.0,9.7,10.0,10.0,8.0,7.0,9.0,9.0,7.0,8.3,7.3,8.5,7.0,9.0,8.0,8.0,7.0,7.0,5.0,9.0,9.0,7.7,5.0,7.0
146,RWANDA,Sub-Saharan Africa,1.0,Malheureux,3.415,7.676,834.396661106735,0.5062838836259276,0.552,61.4,0.897,0.061,0.167,0.266,4.05,2.5168000000000004,0.25,-0.622215377191002,,11.2,1.575744147,0.35,0.382,0.243,4.1,43.7,5.0,2.0,3.0,8.0,4.0,3.0,9.0,5.0,2.0,6.0,5.0,6.0,2.0,8.0,6.0,7.0,6.0,2.0,3.0,4.0,2.0,7.0,9.0,10.0,6.8,3.0,2.0,7.0,5.0,2.5,2.7,5.5,4.0,7.0,6.0,3.0,3.0,5.0,3.0,2.0,9.0,5.0,9.0,5.5
147,ZIMBABWE,Sub-Saharan Africa,1.0,Malheureux,3.145,7.943,1307.01362967584,0.22694017042111167,0.75,56.201,0.677,-0.047,0.821,0.2290000000000001,5.390000152587891,2.0739,0.502,-0.466234301822994,10199999.809265137,10.3,8.862740066,0.31,0.392,0.454,8.2,50.3,2.0,4.0,4.0,5.0,3.0,3.0,6.0,3.0,3.0,5.0,4.0,4.0,3.0,4.0,3.0,3.0,3.0,3.0,4.0,4.0,4.0,4.3,9.0,9.0,4.0,5.0,3.0,3.0,4.0,3.5,4.3,2.5,3.0,5.0,2.7,3.0,4.0,3.0,2.0,3.0,8.0,3.3,8.0,3.0
148,AFGHANISTAN,South Asia,0.0,Malheureux,2.523,7.695,529.741210284938,,0.463,52.493,0.382,-0.102,0.924,0.14700000000000024,5.800000000000001,2.449,0.103,-1.64308727653009,24000000.0,10.4,,0.37,0.143,0.218,3.8,,3.0,4.0,5.0,4.0,2.0,4.0,10.0,5.0,3.0,9.0,3.0,2.0,2.0,6.0,3.0,3.0,3.0,4.0,4.0,3.0,3.0,6.0,2.0,3.0,4.0,3.0,3.0,3.0,5.0,3.8,2.7,3.5,3.0,7.0,3.0,4.0,2.0,2.0,1.0,3.0,7.0,4.7,10.0,2.5
